# 40 testcases, partial scoring 
#ST: 0
-1 0 0 0
-2 0 0 0 
#ST: 30
100		100		0	321
100		100		0	4324
1000	1000	0	343
1000	1000	0	5435
10000	10000	0	8784
10000	10000	0	27
100000 	100000	0	543
100000 	100000	0	8754
100000	100000	0	2421
100000	100000	0	4324
#ST: 40
100	1000 	50 	432
100	1000		20 	956
1000	1000		50 	64
1000	1000		50 	67
10000	1000		70 	7843
10000	1000		20 	132
10000	1000		43 	74332
10000	1000		0  	35632
10000	1000		50	3424
10000	1000		0	432432		
10000	1000		1000	76432
#ST: 30
100000	200000	50000	3424
100000	200000	50000	24
100000	200000	50000	324
100000	200000	50000	123
100000	200000	50000	8965
100000	200000	100000	34247
100000	200000	0		126
100000	200000	200		126
100000	200000	50000	249
100000	200000	50000	3249
100000	200000	50000	1239
