5     		10     		-1		
10    		10     		6813	
100 		100000		843
1000  		10000		143		
1000  		5000   		31248	
1000  		10000  		2314	
50000		100000		783		
50000		49999		783		
50000		100000		3267	
50000		100000		7632	
20000    	100000   	696		
50000    	100000    	557		
50000    	100000  	188		
50000    	100000   	4153		
50000   	100000   	6613		
50000   	100000   	6198		
50000   	100000   	6618		
10000  		10000  		314		
10000 		50000  		7843 	
10000 		50000  		9431	
50000 		50000  		321		
50000 		50000  		9821	
50000 		100000		543		
50000 		100000		4321	
50000 		60000  		097		
50000 		100000  	2322	
100000 		100000		215		
100000 		100000		5		
