100 4950 372
2 1 8125 
3 1 2872 
4 2 5776 
5 1 5504 
6 5 1534 
7 1 837 
8 7 8362 
9 2 1757 
10 7 8765 
11 9 2573 
12 6 626 
13 4 3141 
14 5 9592 
15 4 7314 
16 11 7463 
17 6 5571 
18 12 8764 
19 10 4275 
20 4 8315 
21 6 8897 
22 11 7612 
23 6 1637 
24 9 6058 
25 22 2134 
26 3 1725 
27 14 5412 
28 23 1623 
29 7 1292 
30 11 4961 
31 28 2457 
32 11 3296 
33 9 9730 
34 26 1197 
35 5 9870 
36 32 9171 
37 9 5042 
38 29 5358 
39 38 4878 
40 28 6377 
41 39 6182 
42 32 5969 
43 26 4871 
44 15 6846 
45 22 2503 
46 21 8759 
47 40 1652 
48 12 5854 
49 27 1424 
50 31 8191 
51 4 9667 
52 42 3661 
53 1 3747 
54 40 8172 
55 2 3115 
56 9 8800 
57 11 2798 
58 20 3065 
59 12 8332 
60 50 6954 
61 30 8038 
62 41 6246 
63 51 3899 
64 22 6566 
65 58 8175 
66 62 5711 
67 19 1738 
68 3 8892 
69 3 7087 
70 13 1817 
71 34 6428 
72 33 8472 
73 6 782 
74 30 266 
75 11 3469 
76 72 7858 
77 36 8983 
78 16 1795 
79 24 2081 
80 57 9297 
81 4 5974 
82 72 2627 
83 58 9625 
84 6 6817 
85 53 3613 
86 16 9726 
87 27 804 
88 50 1085 
89 5 6915 
90 48 8058 
91 10 1101 
92 2 8743 
93 43 1527 
94 8 6975 
95 4 8345 
96 25 6176 
97 81 6251 
98 83 3747 
99 54 4284 
100 86 5966 
13 33 5889
70 24 9427
89 59 1719
79 4 7709
22 15 3
39 83 7743
98 38 4191
94 38 5592
31 17 7929
32 34 1956
64 15 7283
39 85 3544
62 18 5261
84 74 7816
11 64 7069
87 22 8769
68 41 1388
71 94 704
98 52 9518
94 53 4140
100 30 3614
14 66 3434
20 80 8349
4 92 5799
19 99 4087
2 13 3867
87 93 777
42 9 3874
76 34 6533
23 50 2346
70 40 9990
56 37 6869
85 50 2620
86 49 7556
99 23 942
15 85 4339
72 85 6874
19 43 7011
24 5 2889
57 28 9668
13 37 7001
74 5 3608
71 7 7316
71 35 207
33 37 5026
80 95 6590
46 100 9857
28 87 5707
40 77 9465
31 92 5177
8 47 681
87 70 9570
43 51 1712
83 28 6007
16 2 6449
76 94 4207
86 75 8314
16 98 8528
27 26 7720
1 15 9437
93 1 7267
74 77 2564
22 13 2403
28 19 7626
82 22 5800
96 92 5953
20 69 5353
50 25 4477
20 49 7243
7 84 7072
69 35 2608
1 72 8122
40 92 7857
62 35 9918
41 22 6089
63 77 1141
56 87 3400
11 24 7819
70 37 1753
41 87 1239
17 10 8505
30 36 729
54 1 9941
36 81 6555
23 94 1366
59 14 1429
11 45 5630
71 59 842
84 50 6572
97 96 3474
72 53 2134
30 93 8955
13 11 2251
5 96 5021
16 81 436
45 34 6669
61 24 607
99 37 2689
97 69 8990
99 97 2643
84 89 1491
92 42 8850
70 59 4752
90 88 8786
100 4 444
20 62 9407
9 88 1861
13 99 6143
51 32 3957
29 79 9676
62 86 4886
100 10 358
58 88 7364
80 46 3768
64 57 4216
8 63 2631
19 3 3887
66 55 6579
9 97 2448
82 85 7384
9 65 7921
17 70 133
55 29 6055
77 58 8246
82 93 1534
41 47 5864
31 97 1825
67 62 9598
47 32 4392
38 64 8115
56 47 4425
3 47 6514
45 47 9681
19 6 7071
12 46 2309
86 54 4111
66 4 3654
68 71 1531
61 42 1135
56 14 3814
20 64 4007
72 55 6804
40 95 8903
91 80 8628
87 80 941
12 27 2735
77 97 872
12 7 3826
9 85 3975
35 89 2429
18 92 5567
34 81 7124
31 34 1770
55 38 1881
94 99 3816
14 90 9139
70 6 3197
38 51 8279
61 91 834
75 3 1125
17 28 2538
30 92 9017
10 12 3082
77 35 1989
10 58 1626
77 75 3924
54 16 3792
29 22 4749
94 28 3463
28 55 6034
51 14 5728
55 93 9312
36 64 8568
39 16 4512
50 38 3806
89 49 7483
78 89 8040
27 10 7628
62 30 9631
60 53 8916
75 16 4135
75 62 6611
47 65 2159
46 78 1457
85 47 8041
58 84 6664
91 96 3148
49 73 7682
41 96 1296
38 81 6214
12 53 3286
35 92 1385
2 33 9811
72 86 5768
16 26 8924
48 56 940
27 35 2421
88 54 5279
80 71 2007
67 88 737
92 59 9573
48 73 728
80 25 2937
83 82 5798
24 89 9487
85 22 4144
74 76 1060
44 83 2136
75 45 9611
98 100 1062
89 8 9206
40 63 7850
28 9 4936
93 89 399
48 3 891
35 4 7870
98 61 8222
39 1 8223
27 46 3719
39 46 5403
31 10 6410
6 35 4011
69 89 3289
99 60 8258
1 65 4004
52 62 6082
97 56 3017
26 10 7674
58 61 1754
6 91 9540
78 69 8924
72 20 7340
91 28 4753
90 1 1841
8 69 5418
19 64 8143
68 65 9453
30 78 7789
3 57 7171
4 90 7857
19 61 3196
10 60 9787
62 7 8266
3 28 8324
40 50 966
75 22 9954
80 51 9254
98 48 6543
9 76 1694
50 89 6232
84 38 3729
5 72 9240
75 49 2196
6 65 431
96 43 6763
23 47 3329
83 22 9468
99 57 8130
21 1 4859
3 66 9351
68 36 4561
8 72 72
40 79 6438
35 84 8060
99 67 969
94 19 1722
98 97 1466
94 61 4492
48 11 1354
40 7 278
73 23 3765
89 11 7005
30 57 6902
56 100 9098
54 67 4578
29 15 1483
42 34 3852
8 14 4192
7 94 5342
84 5 5225
100 59 1696
91 20 5819
15 8 1385
7 21 3995
28 34 1976
53 81 6500
13 45 7748
49 16 5326
16 25 7371
53 59 6338
8 21 774
65 28 8116
24 86 4803
81 95 628
78 66 2886
41 21 7560
76 59 9911
37 29 1997
2 11 888
13 81 5250
77 96 8411
46 9 7093
10 30 5058
25 95 5351
34 8 5469
87 42 4764
33 70 6422
39 33 8541
59 57 1488
4 52 8376
39 44 2907
67 9 411
5 49 6807
95 89 8898
65 97 160
55 33 5194
87 76 1483
37 57 8057
71 60 9653
29 33 7017
5 73 3540
61 20 8501
73 39 3158
70 1 3426
61 5 7102
100 43 5100
16 38 9047
71 5 8517
8 39 9476
30 25 7510
85 45 9397
68 96 8579
26 2 1952
16 100 4862
51 68 5476
71 18 3970
41 10 9550
36 23 8225
74 48 4471
62 11 8702
15 69 4235
64 43 592
94 5 4448
52 8 8988
68 52 3684
96 73 8925
43 37 5255
90 89 8479
5 12 994
87 91 5246
10 39 4522
42 7 1476
60 100 2852
85 7 5333
71 85 5410
38 61 1231
4 47 1243
20 66 7913
83 11 2776
62 42 7047
4 45 6475
95 30 3701
83 7 9738
27 38 7165
64 30 6249
24 38 6064
1 36 5107
16 89 4156
60 66 6631
62 13 9248
22 71 8608
54 53 9298
47 93 1113
92 46 329
70 39 1170
60 55 8914
84 65 6656
24 20 325
96 52 9674
12 96 1011
29 18 3974
97 44 6461
43 85 8121
77 47 1553
63 50 1849
37 90 8424
99 87 5664
40 69 9605
44 34 493
50 72 4470
18 38 1232
13 95 7076
9 34 2752
8 68 1768
77 76 853
1 98 3694
99 59 3699
78 24 1217
80 23 2989
1 77 4028
75 46 5996
93 4 1776
5 40 6591
28 77 8136
68 88 8276
49 97 8679
47 20 426
63 59 4647
95 69 6337
8 2 9062
32 5 5548
92 83 8400
81 26 622
24 95 5542
52 30 699
10 35 5961
13 31 8670
78 4 4769
50 71 1636
61 93 4562
67 25 1599
94 40 6032
38 67 1614
74 14 5753
11 1 3751
43 4 1649
64 79 2039
12 11 4212
8 46 5891
35 58 5598
94 20 4481
61 52 1678
32 75 7571
33 88 927
34 46 9610
16 21 6597
43 58 5320
16 18 2024
40 31 8585
13 29 2681
7 5 7894
17 14 2534
80 81 3449
96 82 7212
44 69 2125
22 28 6455
70 67 2173
67 64 3837
68 55 6117
84 62 2915
25 38 7654
27 37 2282
55 75 5521
2 69 8554
39 55 1597
44 38 2329
57 29 2270
67 35 6827
8 22 2077
24 12 1473
22 5 5170
9 84 2846
93 20 4067
35 73 8535
25 40 5200
62 23 9949
58 95 8852
95 28 7221
96 48 1044
58 17 6049
15 90 5665
39 94 2372
40 41 7388
88 26 1922
73 83 4170
42 85 152
88 72 1501
89 54 9189
38 65 9541
88 27 8933
54 52 51
91 23 2870
87 9 957
2 23 89
24 47 6827
14 71 354
7 69 5919
61 54 7484
71 31 9380
6 47 6524
44 22 7585
59 82 8326
44 37 4895
56 51 1373
66 92 2713
57 84 3337
76 93 8208
10 89 3930
90 3 2279
48 62 3834
39 43 6655
64 81 3889
18 95 8688
83 89 4944
22 57 4140
16 46 66
4 26 1557
96 39 905
5 91 3766
57 42 9451
70 69 6612
36 15 5321
22 34 5125
86 56 3180
49 50 4855
7 6 9688
30 23 5831
15 80 9248
12 61 1447
77 10 8120
21 87 983
100 38 3074
39 31 7507
64 100 9272
88 59 9224
33 95 3604
33 41 17
58 94 1366
18 50 5002
81 66 3931
52 47 9129
57 44 4067
84 69 3946
31 58 2631
22 93 5070
38 42 260
56 21 12
85 44 3291
57 54 2906
77 72 7724
38 14 5735
98 44 5892
63 78 5819
35 72 369
49 66 248
89 7 6655
69 25 9115
60 44 7047
68 87 3494
88 52 826
69 79 9636
93 23 7328
19 7 9019
64 33 1249
28 51 1591
61 2 14
67 61 4003
30 67 1295
66 52 9853
56 26 2644
74 61 4156
80 63 8528
18 4 5550
91 25 2091
3 99 7186
80 66 2579
81 12 6968
40 30 1075
15 86 3437
81 60 9484
82 8 3916
72 36 2436
45 83 4545
67 95 6594
57 93 113
83 26 3684
23 74 5672
99 92 3530
39 25 7063
19 60 600
13 28 8233
76 46 1307
17 34 3356
67 39 5511
29 82 6124
72 42 8978
89 100 3727
45 90 8537
91 89 5726
59 15 863
39 77 3298
39 54 6188
77 8 5336
95 55 6221
49 99 1717
43 71 2924
56 64 7263
31 23 7132
47 7 1826
86 81 8366
90 50 4282
89 37 8648
40 27 2155
3 40 9521
100 71 7289
19 97 2642
95 5 8750
16 97 8143
43 36 1986
12 20 3818
78 88 4122
26 39 5185
41 99 1184
74 75 9181
82 50 679
19 20 7838
80 21 9131
29 66 3578
67 51 9896
43 98 5401
75 100 5113
90 72 8523
86 11 3070
44 54 2076
45 20 361
36 97 8423
37 55 5443
38 78 3771
99 35 196
21 51 3487
91 84 1682
32 49 9288
78 83 300
45 52 4149
75 40 3157
3 49 1626
52 69 3799
98 70 595
43 53 3940
94 86 1814
69 77 5176
18 99 3274
11 8 6113
10 21 9905
3 93 2135
82 36 7783
78 36 8624
88 35 3964
52 92 4733
81 71 2063
31 44 5334
26 51 9267
46 96 185
55 79 397
77 91 1546
48 18 7534
75 81 4983
29 90 9975
35 98 9953
21 79 5498
77 80 168
42 94 7577
96 24 7953
26 49 8689
92 71 9196
62 49 8426
10 11 8293
15 88 7147
37 48 503
83 95 1967
28 30 4425
17 96 4493
33 18 2549
86 93 9419
77 12 4253
88 93 7122
77 66 8052
87 38 5769
4 63 3730
23 42 3096
77 71 4770
69 58 9172
20 79 4353
92 15 2452
42 71 5732
65 62 4595
82 97 1735
76 81 3594
49 60 3158
49 45 8446
20 34 8553
59 28 1654
2 76 6276
86 80 6770
96 70 1520
16 19 3336
37 35 2116
52 75 9792
2 28 8649
67 17 8791
66 27 3229
87 82 8872
10 56 2569
45 17 6259
25 3 6152
58 62 5375
63 23 109
37 6 9435
24 43 7598
76 12 1807
50 64 8458
13 19 2448
59 47 6905
51 20 2067
60 5 6393
76 79 7779
14 89 8851
83 72 2836
85 21 6074
41 57 8737
53 25 5662
95 77 7310
25 19 5389
82 61 5640
85 75 6980
54 75 7593
95 11 9625
72 68 774
99 10 6758
91 27 5982
66 5 4135
71 10 1465
50 11 2659
9 72 7892
71 90 6954
100 80 5392
65 34 6372
28 1 1778
18 51 6236
5 92 5113
40 17 2884
88 86 9266
57 47 2094
88 6 7822
87 8 7553
2 77 1873
67 46 484
90 94 5490
10 55 6157
20 77 2230
13 80 8630
80 19 7598
45 9 7104
56 79 5959
39 61 2020
12 84 8207
82 40 1248
26 22 6850
18 76 5374
58 30 989
45 100 8106
100 22 1943
81 90 900
91 99 6253
80 2 3609
91 8 8820
47 1 5308
11 56 8968
67 5 8619
93 26 936
98 3 8820
40 22 5111
86 20 2944
38 6 1250
51 59 7971
14 1 8429
69 32 3255
22 38 6168
53 78 959
15 10 3398
82 68 8297
5 46 951
2 74 5951
78 48 8782
37 1 8377
35 2 5923
58 38 1191
87 64 1478
44 66 1395
7 53 6769
54 73 3755
84 68 6032
53 6 1305
27 30 6545
94 63 8616
59 18 319
58 5 6611
92 75 3580
89 77 1679
4 42 182
84 43 7855
3 43 7728
6 90 5627
96 51 4718
58 51 5165
41 74 5434
11 96 6438
12 44 7454
10 1 3443
8 18 8525
11 71 6068
87 67 9444
75 66 1155
67 59 4246
75 95 7402
65 45 5270
68 38 3988
90 97 6759
18 52 299
40 43 714
20 100 9397
26 90 7209
13 75 4830
7 9 3563
50 20 4827
8 90 9691
77 11 1376
32 31 7924
30 88 6815
75 4 603
73 4 2743
80 69 3657
13 73 5081
53 32 1385
48 55 6355
16 96 6897
78 81 249
6 77 7619
77 99 7436
64 59 9749
9 15 6439
41 48 8279
61 50 5866
21 54 5462
48 23 4419
95 61 8320
47 35 8180
15 87 7830
27 61 3430
71 86 8219
36 47 6530
12 66 7599
73 79 8802
98 50 55
19 56 5154
45 26 3830
86 38 7983
39 64 3540
94 14 5661
74 80 4303
79 84 3007
63 27 1423
2 91 7772
68 75 35
68 47 1665
47 96 8940
99 52 7222
20 10 6379
77 87 2318
15 91 9412
89 25 6564
87 98 6711
22 69 5892
12 47 1666
83 70 7655
56 33 8349
30 39 6251
55 97 6026
28 45 456
48 5 6883
25 77 4187
71 51 3129
78 27 5968
28 67 9840
85 27 3529
70 47 1392
31 18 5778
53 11 7887
49 85 299
11 91 330
47 21 3313
85 54 4542
42 47 4695
100 35 2837
32 50 75
99 51 9095
40 45 7660
12 65 7725
12 95 5966
99 84 2852
57 60 203
3 86 6251
96 35 6499
66 71 2977
34 80 7814
82 53 7049
26 91 7351
86 32 872
51 75 1378
34 68 9270
97 10 9771
64 97 8618
26 92 6
15 5 8545
98 54 9967
66 57 9777
100 19 5752
83 25 3961
11 78 734
10 92 2467
9 71 7617
15 84 206
49 28 5776
50 22 8874
84 59 9400
10 63 7871
59 37 7468
76 49 7879
62 4 4231
73 33 9562
2 3 1599
86 61 5502
68 80 7813
17 92 7648
86 26 111
47 17 4440
34 64 4634
89 12 8090
27 13 5065
72 87 2608
11 5 9599
63 73 1431
54 41 9029
43 45 1071
22 37 2336
52 56 10000
57 27 1997
70 64 1365
84 88 1316
59 43 3435
25 56 1192
63 45 7923
84 20 2690
58 64 2724
33 61 1561
40 35 5212
100 82 3836
73 29 6993
68 54 1067
71 27 8944
100 91 4869
18 34 4068
75 64 2213
4 5 7334
23 64 9815
6 32 6755
95 42 2754
11 68 8009
79 22 154
92 94 6711
7 18 303
3 46 3209
97 62 7430
43 56 9374
51 49 7348
75 67 6089
12 71 4414
45 36 5301
90 22 9573
16 31 2027
41 51 9587
8 80 2503
37 96 6248
6 81 3358
34 87 7791
18 96 8668
99 33 8457
85 4 8502
96 32 9826
18 47 1127
95 93 2550
24 1 2096
94 44 2401
88 62 6420
35 30 8603
1 94 6139
35 12 2225
75 98 8833
51 86 1814
79 47 4817
54 20 8181
17 27 7521
99 98 6679
5 52 7412
7 30 8406
49 31 3783
18 91 9835
12 41 1910
50 56 6642
93 9 600
58 87 2128
35 75 4802
32 39 4728
51 88 4985
25 97 6012
44 9 5575
99 45 5309
54 23 7280
31 6 2222
18 40 411
70 54 1928
58 75 2273
60 15 3625
61 60 483
46 95 6378
62 55 6411
35 94 2577
31 52 2131
8 98 7042
62 15 8271
64 35 3919
71 1 3060
32 23 6433
73 64 8975
16 94 3652
68 31 177
46 32 6602
33 34 1989
47 10 3008
2 100 7921
35 11 1776
78 75 2384
63 14 8644
51 60 5409
89 63 9123
13 90 1913
24 17 5288
75 17 1612
21 98 9495
69 59 509
33 32 8751
97 33 809
24 6 7442
5 2 8339
46 54 5455
33 94 5832
67 97 4513
59 23 4235
87 7 1846
28 99 5134
28 69 3233
24 84 4243
11 47 7194
51 5 4167
23 43 1132
3 95 7759
98 62 5611
96 27 3259
71 57 4600
47 78 671
94 89 7382
73 94 3870
85 40 4981
48 94 2004
16 64 5319
62 2 582
85 5 7458
51 79 4124
70 4 3976
24 51 7164
66 25 9213
19 30 4693
33 27 7613
12 43 7392
66 65 3731
77 29 9192
33 59 9301
92 9 1691
16 83 5060
69 43 5228
67 100 6956
48 15 8180
10 37 2168
62 82 2731
39 50 2497
23 5 4006
50 6 5345
6 93 5661
27 97 3454
15 50 202
14 25 1673
45 80 6857
70 88 2160
18 27 3997
46 11 7689
22 60 4178
8 31 2062
49 18 8736
81 29 8141
63 26 184
8 28 4253
80 93 3491
10 72 202
24 99 6958
38 54 158
6 16 2007
63 43 8220
44 70 562
15 30 7608
34 30 3918
14 61 5515
18 97 8232
25 61 3003
87 43 443
74 45 2767
49 59 7763
43 66 9087
7 3 2536
51 46 8588
14 100 1219
39 78 4467
7 52 189
2 41 4294
45 14 4918
75 23 1583
3 35 3704
75 25 8990
51 52 8269
94 83 2802
47 48 4911
29 51 9366
79 80 6144
43 14 4552
50 21 2962
99 32 2830
19 52 4849
55 82 6901
69 30 6899
34 16 7304
45 73 2344
99 86 8908
6 9 1352
96 71 6631
37 4 474
2 17 7363
1 40 4030
66 47 2679
53 68 9328
33 26 9969
35 26 2287
13 47 6480
54 47 9243
17 60 1680
10 44 4612
30 13 5360
60 16 7069
48 69 4786
55 85 1747
53 4 5131
31 80 5077
76 25 8146
91 36 7092
51 15 6976
99 27 9864
67 68 8030
98 25 403
73 70 4541
5 62 5004
43 99 3255
63 82 6695
66 53 7777
29 65 6165
51 11 9150
53 98 1576
62 19 8688
58 71 7675
16 88 9552
78 72 175
100 83 9932
73 16 4108
95 41 2340
19 14 2114
26 42 387
18 84 2684
93 62 6338
17 86 8302
29 69 8754
90 60 3188
90 58 7229
93 12 2272
79 12 5441
1 17 8080
24 92 8352
14 21 8977
25 21 5364
76 69 6054
68 12 2854
39 51 7181
38 2 7215
52 73 2053
41 20 1235
67 33 535
74 51 5201
61 59 9421
40 51 3385
92 44 6334
41 90 2084
56 88 1780
91 17 9696
69 9 4924
2 83 3546
97 93 8201
75 63 2552
6 27 6741
61 17 8102
31 65 4536
24 42 767
61 36 4130
18 39 4967
70 57 5318
78 14 3330
82 47 1659
96 3 4465
25 86 2081
55 5 1020
38 85 10000
79 63 7960
57 72 2662
20 55 2519
75 28 320
2 60 2625
98 66 6658
90 36 8948
8 76 8750
77 67 349
71 26 8154
40 96 5154
61 90 4168
49 61 1014
45 81 925
75 73 111
17 68 9372
17 82 6976
70 78 4879
16 71 6317
58 60 5045
26 54 1586
20 7 9072
33 45 958
53 37 2815
99 15 553
14 47 2130
25 15 7777
19 59 8232
5 30 6157
35 57 741
54 97 1921
20 76 8924
89 82 3398
51 85 2915
70 45 3622
45 54 4922
54 51 2855
72 69 8083
9 79 7104
3 92 4706
20 3 1890
67 73 1230
44 67 9600
17 97 4732
28 27 7576
23 97 8987
25 20 3868
91 37 111
32 17 8154
86 7 6256
13 8 6529
3 51 9109
89 19 6813
38 53 3834
49 87 225
81 43 2746
6 82 8909
38 9 8850
50 86 6260
97 75 6113
28 66 8797
96 2 773
34 86 4101
31 95 8747
43 94 401
91 76 5127
45 48 5498
74 68 627
65 24 1981
92 72 8621
20 95 613
33 38 8678
45 78 7181
92 89 6077
51 90 7855
38 23 444
1 59 4666
44 29 8620
56 4 5481
98 85 489
23 9 4495
26 14 3663
78 40 6070
86 92 1975
1 41 49
82 7 3958
96 14 6057
15 95 5816
100 12 6933
73 66 9737
98 84 1494
2 19 3388
14 39 9202
31 64 4392
28 16 5236
55 4 8266
51 44 7942
96 66 3940
46 57 9426
79 60 7486
27 23 8218
17 69 3094
30 16 6210
49 80 3444
17 66 8288
71 38 8267
19 75 8599
65 76 2147
19 29 3589
2 65 1199
66 94 9952
4 41 9329
65 57 1577
10 24 2179
45 58 883
65 74 1952
19 41 9235
80 7 8788
86 39 1273
51 22 8084
76 53 3823
5 9 8272
64 13 6551
92 21 4480
28 12 8973
18 44 3417
34 47 7654
37 87 1494
68 50 252
44 80 3174
58 74 3976
18 70 9755
53 36 8394
41 84 1042
31 93 1132
56 73 3705
46 82 2496
10 65 1368
26 7 4928
40 56 8017
99 8 4197
43 48 1992
51 1 1911
77 34 4752
26 6 7013
96 42 5951
27 1 3738
42 40 2130
40 81 6915
13 91 8733
31 11 1565
38 95 9043
24 91 5745
81 2 6853
76 5 8957
10 87 3200
25 49 1267
23 78 3692
53 77 3524
69 31 3146
77 9 4497
59 36 57
10 14 9118
56 24 4471
67 21 4628
65 73 5081
11 29 9748
69 46 5890
92 8 3536
68 79 1605
61 63 9954
44 90 4833
22 78 6430
68 48 2264
98 32 4883
13 43 401
41 69 1728
97 70 2968
72 3 7959
72 93 4667
99 34 1832
82 49 7385
80 26 2118
55 21 8960
79 78 6157
86 52 6883
38 56 6378
30 71 4513
84 94 2862
68 73 6342
33 93 8484
95 52 5200
74 90 4189
8 60 1388
14 79 5826
16 17 4340
79 36 3092
88 42 7791
23 26 2050
50 48 7318
26 19 9632
57 63 2154
83 40 2013
47 16 6463
99 62 6951
38 19 4447
91 78 9368
76 63 8914
53 13 7445
34 3 5390
100 53 9254
79 95 1804
63 17 9069
1 44 3470
33 8 3378
26 38 4522
68 37 4997
90 23 3393
95 34 3731
100 13 2054
15 19 9595
35 66 7415
5 80 3732
71 55 970
4 77 5609
41 82 461
93 39 5475
20 97 7538
81 99 4513
48 60 1886
73 43 5238
12 70 7717
21 81 7479
22 99 2466
53 29 1027
42 65 2922
14 97 5512
88 31 3754
20 5 4118
70 5 8021
72 34 2869
80 28 2832
80 14 5455
2 31 4583
19 83 4833
33 50 2450
71 63 3889
92 77 68
21 30 2242
23 57 2731
36 86 5729
16 33 5096
64 72 7286
100 70 6666
33 77 4342
73 89 7360
22 12 4198
90 18 7775
64 3 4010
24 22 7167
62 51 5468
4 97 3419
51 55 3588
34 59 8696
77 37 4758
26 70 3068
63 6 6778
99 4 4094
90 56 7446
38 12 1680
81 92 4025
74 71 5659
27 65 9712
58 25 3762
78 17 7969
68 63 2001
33 54 7361
14 84 1716
95 88 3108
8 79 6301
88 45 6103
26 31 7654
32 81 9023
86 21 9607
49 21 2421
99 25 6474
79 39 8925
91 56 1679
50 36 7895
79 15 6546
2 39 9449
99 80 2801
80 6 979
60 93 6584
50 2 7579
64 85 7725
7 77 7247
84 67 2842
98 26 3695
46 87 3614
85 34 5421
31 4 1096
39 95 5081
81 15 1098
86 19 4599
72 74 4441
25 45 2616
75 84 3918
87 13 9661
89 34 6766
35 38 9205
4 34 5780
16 43 657
80 85 3086
2 44 8765
88 87 2475
1 68 258
42 16 7745
51 6 4354
87 90 6169
60 63 6921
9 17 7816
100 90 128
2 51 4134
16 7 3059
3 17 2179
33 20 9712
72 31 9665
64 46 6069
93 59 1766
39 12 8997
93 56 8188
82 14 1438
83 81 6280
91 75 1508
45 5 9492
4 57 1838
55 57 7116
29 28 8216
12 72 5483
76 4 9502
82 91 8280
26 59 3003
20 36 4169
94 62 1714
67 31 7541
38 30 2192
41 86 8707
21 40 261
47 62 272
94 12 5134
3 4 4568
71 28 5842
23 89 4717
57 45 2932
7 31 5440
21 5 3594
46 43 8351
95 7 8138
65 94 2302
20 87 1476
3 50 3953
24 81 9688
63 54 2379
9 63 2107
84 71 9688
59 11 1008
72 7 5026
2 72 271
2 66 4964
69 56 5054
1 16 8084
83 53 324
89 21 8131
91 43 7051
74 70 1391
63 55 322
85 41 2758
93 29 9340
75 96 6134
33 60 8199
81 28 9195
59 22 9792
99 9 1892
36 41 465
83 43 3764
34 100 2497
76 35 7544
89 28 9305
81 89 1232
49 47 1158
23 95 3241
42 64 2449
100 77 2052
76 29 3798
85 90 6019
34 54 2179
84 66 2069
1 46 4425
71 79 5696
44 58 7196
93 38 6123
66 85 5495
99 61 3905
82 20 9972
56 84 3258
17 77 7059
92 90 8473
35 49 6074
1 91 9856
5 26 1281
80 42 3563
62 8 9068
76 33 7211
68 94 9730
75 94 5832
66 42 8104
36 34 1079
29 71 4012
76 26 473
34 2 8923
3 73 9415
76 58 2068
87 85 8181
53 44 3570
97 8 4841
67 13 9096
91 7 8708
45 37 1474
63 49 3451
60 47 6322
2 46 9121
4 72 5180
82 37 3064
24 76 4826
84 3 7347
50 9 810
15 23 8795
9 70 6025
72 38 2540
70 68 6838
54 6 2200
16 91 6507
3 77 1205
99 42 9117
50 1 6128
37 74 9176
7 68 9539
10 84 5780
62 25 7712
96 10 5097
59 35 3507
20 65 4049
74 8 4983
30 85 109
3 44 4672
11 28 1902
27 68 2056
73 14 9663
72 22 2590
88 82 5787
53 86 1417
73 81 5524
49 9 2329
56 12 1277
29 97 7520
62 69 1557
91 67 8173
54 36 9625
84 51 3882
61 70 4830
16 62 7219
87 59 2199
75 71 9635
28 47 4630
75 42 8052
54 83 6016
19 22 8885
95 70 3904
58 53 524
28 84 7606
40 19 9078
32 60 140
58 56 7521
96 64 6846
32 21 2972
51 81 3408
9 89 9013
42 48 3369
64 47 8994
43 18 2879
67 69 8449
33 87 3196
92 13 1169
62 45 5616
41 61 9626
52 2 1175
65 19 7293
24 39 3174
32 2 9101
59 39 1933
62 40 8764
85 70 8758
12 86 8305
9 54 8289
21 17 4229
2 40 754
48 39 3087
9 21 5353
26 48 7296
3 9 5546
94 91 8523
65 51 654
16 63 3651
82 79 1959
58 8 5833
72 40 9424
20 92 9730
11 72 1317
84 48 3597
79 46 7346
82 70 4038
71 24 1861
76 16 5278
4 24 543
53 46 5124
41 80 1969
6 95 7323
75 12 494
3 58 5830
32 54 1790
54 74 6419
23 65 4804
71 6 8491
85 24 9409
27 31 5497
90 42 7876
46 88 2868
31 57 1122
33 75 8648
40 99 9726
68 42 4702
92 43 2294
2 97 4601
98 95 9222
30 9 4179
88 40 778
80 94 1622
48 29 2243
2 12 7196
25 17 6155
4 86 3900
27 16 4336
67 6 3118
58 96 5224
48 49 1905
65 32 8546
44 74 7544
33 12 6344
21 19 6453
34 91 7052
8 81 5909
60 42 5186
85 36 5352
44 5 889
8 25 7612
87 31 720
31 83 6859
95 51 7359
37 20 1269
19 46 5448
59 96 6833
13 48 3053
12 82 918
13 39 8481
37 60 3525
62 9 483
62 77 9449
74 42 7523
73 26 108
64 71 9888
52 32 9022
75 90 6584
11 21 8948
27 15 7536
44 96 6127
44 7 2076
32 10 2257
49 84 3953
59 13 8312
1 64 114
3 70 801
83 90 5858
58 18 1250
54 95 1203
19 95 4981
45 68 7305
94 31 7876
31 89 4628
9 83 9563
43 21 1227
85 37 8785
10 51 7633
25 32 9700
35 17 2988
17 11 1177
32 41 684
54 24 869
81 63 6669
73 60 7498
18 23 4879
39 11 2730
78 29 2273
65 79 4212
69 49 9102
83 36 6708
63 37 489
84 100 7677
63 72 9916
99 44 9479
85 31 5088
68 85 3476
48 1 4038
9 31 9821
15 98 4141
29 70 5148
5 75 4075
91 73 6921
65 95 4734
65 78 715
50 99 8926
79 11 5347
42 35 184
97 22 3486
10 23 2641
51 45 117
48 51 3466
91 86 5670
82 84 9634
68 83 3340
76 97 948
21 59 3911
65 50 5596
31 24 1896
74 35 471
97 35 3453
6 76 2179
59 31 4368
34 24 5759
54 43 3729
26 60 235
38 40 590
18 54 4639
69 74 7256
67 37 8534
3 13 2669
46 77 7914
45 6 7515
39 65 4964
32 78 5295
13 68 4161
94 24 9186
29 42 6118
14 99 1087
12 34 7442
77 48 4745
41 49 5223
29 17 5330
77 5 532
59 46 4791
28 44 8408
57 90 4045
31 78 3039
86 87 4168
78 26 8673
27 21 7144
74 27 7580
30 46 747
37 58 3052
97 46 5112
88 94 3689
88 69 1168
16 92 9773
80 27 1011
52 43 4340
89 46 5368
50 46 3215
18 56 5395
87 39 7387
23 71 3934
31 42 8283
14 69 8267
7 49 244
83 21 3504
65 63 8621
5 59 4894
63 67 2716
41 29 8662
36 14 7330
63 1 5606
61 75 6518
85 91 711
22 42 2539
3 67 7492
8 38 5550
66 99 4124
41 11 3442
38 79 2233
33 15 7953
19 69 2377
33 10 3912
35 13 3595
64 40 8906
96 74 5294
45 93 1979
48 8 5813
47 51 1490
83 29 4848
22 16 4887
97 94 6410
54 77 5223
100 31 2305
50 45 8617
42 28 2270
42 54 6238
59 24 2076
58 72 8459
30 75 1815
82 32 4985
54 56 8371
95 73 9897
25 37 1348
95 85 3380
62 64 8961
40 39 6514
73 40 4545
90 96 9369
65 87 4869
32 26 5811
1 4 9606
87 63 6005
87 78 3763
63 84 7055
78 37 4107
36 73 9786
83 51 5824
21 66 8886
12 25 362
87 96 2082
89 29 8477
100 24 5063
31 70 8474
70 15 5264
100 62 4925
90 78 2768
17 55 9344
61 62 8296
31 84 5777
11 40 5482
97 45 950
70 81 2096
29 9 3127
68 29 5234
39 45 2279
72 30 4285
3 32 6688
64 80 1720
22 95 1157
43 28 9766
45 98 7526
41 8 9787
43 76 5515
61 9 3829
28 46 5943
80 98 3779
87 6 8575
61 55 7473
44 46 2247
31 35 8731
96 45 7463
4 50 6387
11 87 3949
20 73 5073
89 4 5938
70 23 3756
72 98 9667
5 10 5581
28 73 1937
74 40 5985
27 11 5302
4 21 4586
13 20 1366
10 88 7880
71 47 7484
75 18 4031
90 46 9534
22 21 7966
82 60 5228
44 86 3581
54 93 1702
75 2 3196
29 6 8496
54 58 3018
26 65 5913
33 31 2309
59 7 5984
42 10 2202
37 14 1069
62 39 8827
50 16 7476
23 68 2488
53 63 9699
8 10 2802
47 25 6812
67 53 9848
18 55 8186
58 40 3954
31 77 5688
10 66 1233
46 42 5668
81 30 3159
92 14 5058
94 79 5944
44 61 2003
96 29 7878
52 74 6784
42 83 9288
55 67 249
76 32 9198
45 95 1268
44 89 2799
34 23 9978
63 70 4238
9 66 3257
91 12 1305
100 17 5078
75 29 1798
89 70 8878
87 84 2897
58 7 1561
20 67 8658
24 48 2621
34 6 3544
89 68 2539
97 92 3628
15 52 3184
11 25 4496
13 82 7051
76 47 4995
46 84 2862
11 94 8722
34 14 1021
5 69 1364
19 47 3047
56 39 2613
93 49 2585
79 3 9237
16 85 7600
15 75 3188
82 43 3334
63 29 9667
78 50 7084
11 4 3225
24 49 998
31 61 7708
96 4 186
15 47 1514
78 8 8725
82 34 8037
24 97 2704
10 18 7642
32 22 6958
31 48 5242
16 5 8211
27 69 6038
99 31 9846
6 96 1957
100 85 2849
4 30 6199
35 32 2849
81 33 9311
98 18 3586
67 74 1868
59 97 6532
58 85 6079
28 61 3473
61 21 1832
24 72 1476
73 1 3530
28 37 4725
66 11 8658
17 26 6814
23 77 93
10 40 7974
40 84 6924
34 55 8189
6 2 8392
17 87 5016
96 98 2363
76 86 9570
99 47 4161
85 79 2354
64 49 3931
61 87 5659
36 3 5118
46 35 5066
32 7 7579
54 12 6017
60 67 7740
55 9 3954
35 81 8719
79 59 5100
19 68 2879
81 46 409
31 14 5562
27 72 7822
78 71 8263
20 88 1279
42 79 4373
98 5 5463
24 2 7099
57 39 9742
10 59 2927
68 93 944
57 85 4907
66 33 7674
63 31 3705
68 81 7167
38 73 6752
43 95 2968
67 16 7116
17 48 2027
52 89 7821
44 26 3428
77 13 192
91 70 4238
60 29 2166
29 4 2743
80 3 9266
61 76 3014
37 86 6484
8 56 9815
84 16 3244
22 47 4612
60 4 5240
73 7 9982
92 25 6133
71 13 3047
94 41 9695
46 85 5496
82 19 6307
75 80 261
4 82 1835
76 70 4290
72 70 4031
24 41 5342
1 35 4494
39 27 3075
92 45 2374
11 61 8826
67 43 3072
53 2 7195
25 46 328
97 51 4571
86 67 4165
69 4 5165
92 98 8875
69 33 2092
68 76 5643
76 82 3270
44 45 1545
54 78 9860
11 92 786
50 74 7316
11 81 9324
90 35 246
32 90 1133
17 18 4395
29 74 7931
79 86 6694
30 41 6294
59 52 2775
7 11 2433
25 29 7216
25 41 2261
22 6 1824
79 70 4087
46 26 2660
100 1 737
13 25 260
86 23 8951
54 80 757
98 36 9397
57 81 6932
56 72 7786
64 61 5409
100 7 4979
92 1 4286
50 44 9448
93 74 8013
17 42 5338
50 13 3366
26 72 3160
82 42 2000
68 62 1345
15 66 4659
41 97 469
83 4 6057
64 90 7475
21 20 8307
89 13 4356
50 37 5876
22 1 4260
87 52 9940
26 67 7799
33 17 1519
13 34 115
18 85 1654
39 37 7933
60 74 5468
35 19 8187
62 59 2009
39 100 9314
96 22 918
14 53 4973
53 90 1042
8 26 5549
71 82 1762
8 88 1850
19 58 8548
57 38 6834
38 59 7825
91 50 1333
19 87 4377
55 73 6190
82 74 9400
82 56 315
39 75 5074
29 20 5267
57 58 1100
94 29 1435
91 39 152
21 96 6225
76 45 874
98 37 6855
93 73 3056
57 9 1884
15 49 7390
77 43 9121
19 48 4952
28 38 4488
21 52 7077
64 27 409
91 52 7101
52 1 1109
59 72 5252
87 35 9853
55 94 8386
75 26 5067
48 80 9482
92 53 2391
42 86 6127
6 62 6032
36 21 6032
40 93 4815
66 41 3337
40 98 100
39 63 255
7 65 8071
65 80 4697
2 78 7339
83 23 1429
93 17 7174
57 36 6868
75 59 2278
57 8 9586
32 29 9815
73 34 4344
54 62 4971
88 48 2161
3 54 9538
95 66 8876
3 56 8349
56 29 5839
70 66 3777
62 43 257
13 65 9095
100 5 2511
68 4 4518
34 25 9048
68 60 6726
23 44 6208
84 47 3253
19 32 4333
91 55 5335
88 43 7171
83 80 7768
49 79 7608
11 6 7920
92 88 72
27 67 9847
63 13 4197
24 27 4871
31 75 3153
100 26 2454
10 76 3322
36 63 6589
19 70 7441
51 42 9265
51 27 2270
67 81 3778
70 35 8013
66 69 1732
21 12 9023
8 29 9201
53 34 8673
86 9 4370
54 14 5914
24 30 2488
70 51 4783
47 43 2923
21 26 8486
21 24 9732
6 41 1376
16 23 3083
93 8 2935
64 5 2071
42 45 6008
33 100 7508
48 58 1068
49 90 8191
53 26 1191
4 87 2266
35 7 7876
83 18 4302
53 95 9362
85 65 6107
76 23 7796
25 90 5421
100 27 2301
11 3 2460
2 85 2804
35 56 5641
26 11 7566
81 69 4285
19 85 5852
49 1 4048
36 66 6363
85 11 6720
51 53 6047
39 17 2343
11 99 2613
90 38 7306
80 24 775
17 80 7687
74 32 4177
39 47 9638
82 15 5458
18 79 550
82 44 3500
78 61 2753
78 95 2039
59 32 5148
9 8 9376
11 88 7373
74 11 9562
61 96 5052
20 68 6863
59 86 4803
67 79 6937
91 19 1784
79 6 572
58 4 1332
56 61 3508
67 24 6902
47 63 1597
70 7 3648
36 25 9201
83 62 1243
87 83 7939
52 48 5760
93 65 5449
65 59 8238
36 51 6980
87 5 724
95 64 3302
57 67 4746
32 61 7432
83 96 7693
1 33 7501
78 20 31
30 53 5869
25 24 5006
91 14 8168
43 2 355
61 16 8453
1 69 6738
36 11 2013
31 90 7100
2 14 8231
64 63 1455
98 14 9754
37 65 2648
44 30 1152
75 60 3189
80 30 5617
27 25 9138
6 39 3578
95 1 4919
61 65 2362
78 100 9847
25 23 9147
89 62 2571
77 15 6194
89 66 3825
57 14 3724
29 43 6472
82 27 279
22 31 9531
56 2 7248
90 82 6857
30 20 8832
13 36 1616
35 85 1912
14 33 9406
35 55 414
60 43 3280
20 63 8321
89 96 2443
85 26 4361
8 64 891
53 96 3719
77 19 8132
15 42 5182
25 48 3263
8 85 528
44 68 361
36 70 7187
91 81 1113
31 73 597
59 4 410
2 90 889
20 46 1210
93 46 3256
27 54 1207
92 73 2075
57 49 5444
26 74 8380
50 73 8041
82 28 7116
55 36 3385
88 21 4952
90 73 4309
95 90 5596
41 83 2746
76 14 3427
60 3 5369
6 42 5607
92 93 6938
37 47 7898
80 16 130
64 37 4547
73 71 839
44 91 8193
52 81 4556
32 100 9941
73 86 3980
4 40 8724
17 8 7802
46 70 7101
46 47 9617
13 66 6557
92 57 5712
21 91 9275
39 7 8861
30 83 9540
79 54 5580
21 42 4192
41 55 9968
12 37 4375
28 64 1136
7 63 5563
73 78 8966
61 92 8923
77 24 6002
86 95 8172
62 34 9420
78 98 270
100 69 1931
60 34 4883
25 94 8426
54 17 2369
10 74 227
30 1 9949
98 47 9488
52 6 6514
79 43 2076
53 45 5778
87 50 4392
20 2 6908
67 94 9105
57 69 273
39 80 1071
71 4 3170
48 76 443
1 61 6889
39 22 2269
87 69 3182
15 37 7595
63 69 192
98 31 316
15 11 5445
55 49 6094
45 94 998
70 75 1517
61 23 5927
6 46 2802
53 23 8770
11 14 6628
36 69 5222
45 87 3572
34 63 627
47 91 3087
75 69 6984
48 83 7719
19 9 7158
57 95 1686
60 40 8410
57 17 5855
96 93 993
88 1 4693
4 12 4395
68 18 5192
15 3 4748
79 90 9256
95 17 56
58 42 9677
90 34 3265
98 63 7027
83 71 3915
25 73 946
38 60 4603
27 3 2376
32 37 4836
30 96 3027
87 47 5145
90 93 5332
16 69 4139
49 33 4285
9 95 4893
61 47 784
46 83 7446
43 11 5762
88 18 4498
66 22 7257
55 81 7739
59 98 9436
79 19 5359
94 81 7243
68 30 5228
58 2 1892
46 56 3413
1 84 9239
17 41 9531
74 53 5345
13 78 927
75 38 9125
41 92 6332
91 71 8308
53 24 4365
60 9 6729
42 30 2530
39 69 2089
15 65 5433
73 88 2683
43 38 198
69 51 586
51 23 1460
41 28 9174
12 26 4658
11 69 9534
26 57 9907
86 68 7876
32 12 1284
78 5 5391
10 9 5810
84 33 8912
58 23 4674
100 72 6091
98 30 3057
25 18 7007
93 67 4228
77 38 5249
17 81 5912
20 53 6160
38 1 1356
33 6 6204
15 17 1415
30 66 4963
32 97 7724
42 44 2778
3 8 481
59 8 6722
80 73 2370
100 9 6334
50 97 8411
40 26 5771
99 38 6101
78 44 6077
51 25 664
38 69 2759
89 42 5701
37 8 3175
14 52 2574
47 44 6963
78 85 8406
31 66 7658
33 4 2691
84 21 9703
32 8 3593
54 15 8119
13 40 1153
47 67 7016
79 16 9800
91 29 9335
23 67 5664
58 29 6652
76 66 7850
77 78 394
23 72 894
97 61 5133
6 18 9497
15 56 2404
23 49 2459
85 20 6157
97 37 432
66 93 8898
85 77 2023
39 36 4694
89 27 3116
47 72 4824
68 43 9976
24 44 2539
54 100 1406
54 19 3374
64 82 8378
42 78 4761
21 2 3907
11 80 3166
47 83 1860
57 87 820
18 9 4058
86 43 7015
52 27 579
97 87 6831
18 65 4901
10 95 6970
12 58 4488
44 77 6678
17 90 3974
97 95 5714
46 61 8018
37 66 1966
21 13 5731
67 89 9704
82 58 2238
83 75 5715
80 58 5169
28 39 2779
31 74 9347
95 21 9369
48 6 3426
33 86 1106
48 34 3889
41 76 3327
18 41 3912
92 34 5498
74 17 5402
99 68 1738
22 7 2479
28 18 5313
76 98 9913
58 70 7015
35 22 1284
14 68 1929
13 38 2300
34 7 6571
53 48 983
2 47 6059
55 3 1921
24 18 3241
90 20 4991
79 2 2714
88 77 5590
60 41 780
74 89 2336
24 52 8480
89 87 2218
78 33 2533
4 74 5852
69 13 835
37 76 7354
70 84 5554
59 90 5475
71 8 9158
66 61 5717
38 52 4012
9 90 8971
89 57 7030
13 42 6945
5 17 167
86 5 2734
42 84 6846
100 66 2346
93 85 2827
34 49 750
27 42 9515
78 93 9975
57 40 1573
56 63 4890
50 96 9907
3 74 7406
15 32 3504
82 1 2695
98 17 3953
65 91 9083
84 86 1931
6 55 7834
45 18 7130
51 35 5439
88 79 227
56 20 6600
57 2 3437
41 38 6947
13 32 2235
23 11 3802
12 57 4389
54 76 4265
7 90 7172
58 99 9455
32 95 1482
52 16 1912
79 87 8421
88 19 2970
49 100 887
13 46 1007
52 12 10
87 92 458
68 2 7973
53 75 4827
14 60 3513
61 43 8231
39 34 8855
84 93 1256
13 17 2478
74 78 8743
12 19 6663
11 19 2429
68 97 11
99 100 7036
39 76 2224
71 99 3019
33 96 1978
88 29 6713
100 52 2778
45 84 1641
3 100 4132
70 41 1924
67 45 813
81 23 3799
98 88 6546
26 13 1119
28 98 8351
71 76 679
15 94 4994
66 64 8391
82 2 585
55 83 4951
40 80 7757
93 70 7207
87 53 6754
14 49 5222
84 22 6121
52 20 1555
57 51 7605
44 76 3225
40 23 3440
75 1 3848
66 46 6980
4 80 110
15 97 1192
64 98 4278
15 57 8905
90 21 819
10 98 8799
15 2 9586
62 57 6194
82 25 3851
65 21 315
2 30 1072
31 43 3699
32 27 5941
42 59 983
37 80 6230
55 90 6104
54 22 2746
65 69 2166
44 63 2297
44 52 6276
34 58 7069
9 59 5694
62 81 1859
87 23 7451
81 88 4615
92 33 983
19 81 494
27 92 6004
53 16 2977
97 60 3898
27 73 4461
63 22 514
87 60 7396
33 71 6737
50 43 798
90 98 6843
81 9 518
37 73 4733
48 40 2563
10 81 6788
60 24 6138
28 6 7589
80 47 614
83 57 4750
10 57 2975
17 43 4360
58 59 2177
31 21 2026
38 88 8593
83 99 9206
41 67 8249
56 92 8967
65 64 9753
60 65 7350
77 49 773
3 30 7616
50 51 499
19 37 5538
15 58 5055
36 9 492
68 40 12
76 30 9324
3 87 8456
74 85 5345
86 46 6532
68 90 6430
90 27 9774
47 95 7714
45 77 1289
41 15 18
88 89 6411
87 74 5698
73 19 3820
20 48 2057
64 60 8650
52 77 5006
19 50 2556
79 31 3225
72 66 9837
99 93 1222
79 74 7545
39 60 8697
44 79 8119
3 52 5101
54 48 2619
36 46 4609
52 36 2146
6 13 852
30 47 9317
18 37 4079
31 25 8334
95 92 6621
62 71 1396
14 28 378
71 20 7488
65 8 5829
97 39 8664
29 35 1635
12 40 2747
53 31 4100
41 31 5969
62 85 2073
38 91 279
77 64 8407
11 82 3184
45 24 3236
62 32 5843
36 60 1698
52 34 918
63 25 7022
86 98 7849
70 42 1029
7 64 3439
16 57 7944
63 95 385
70 27 2011
53 65 5366
87 54 6151
37 16 8114
69 24 2939
34 38 376
7 57 3767
60 45 210
98 39 8741
73 17 8381
49 17 1253
67 2 1474
25 59 4402
39 92 5879
14 77 1386
99 69 8600
63 3 5261
42 76 2320
20 99 5712
48 2 2827
42 63 1296
25 4 8292
46 98 4344
55 23 4870
76 55 4165
25 52 1145
73 74 2163
21 37 5824
63 66 530
82 21 2090
91 9 6264
3 6 3349
100 15 3016
84 61 558
82 3 6717
27 84 4436
18 3 201
91 98 5871
38 92 4197
99 79 919
9 78 176
46 68 1534
29 45 8988
92 22 5056
39 20 9771
22 58 7058
96 60 1216
69 91 3794
58 24 8002
19 31 9173
50 29 3621
86 82 7567
49 58 9517
90 91 9507
98 13 1781
42 5 6957
14 15 2543
37 75 4493
82 75 3446
7 45 8800
96 15 1508
7 48 8174
58 47 327
70 94 2713
36 6 8168
79 30 1997
16 36 8314
24 32 8763
100 88 7964
40 61 5740
69 6 1440
32 45 6331
36 40 3510
88 97 8730
79 26 8043
72 13 9288
85 14 9492
53 52 4150
63 90 3534
93 48 3268
49 19 6450
2 22 5526
43 20 1522
91 4 5466
48 4 8242
23 12 1460
32 43 9547
76 1 5911
38 45 1058
55 31 2827
72 52 4828
11 100 4858
92 6 5917
3 23 3557
99 30 9321
36 80 2693
56 85 7336
81 93 2792
23 14 3634
44 27 6894
81 100 2284
39 74 2847
53 91 2899
32 57 6709
54 10 4968
63 58 7692
40 16 8945
33 51 3711
1 55 3322
5 79 7042
51 61 1039
37 30 9832
79 81 6248
32 58 5897
71 19 7962
11 93 7496
97 38 4422
4 23 3551
6 89 9981
96 78 1541
34 27 8204
32 40 9079
20 1 6435
8 5 440
50 67 687
82 35 6624
44 81 6979
86 8 2675
64 18 5067
17 64 8787
29 100 4964
9 58 268
87 26 8217
61 81 2161
46 55 2717
78 58 2144
23 82 7464
7 88 746
65 16 9683
84 76 9533
59 16 8946
54 13 2064
22 9 8279
37 84 906
88 64 8615
69 73 7650
27 43 2490
78 59 1017
82 94 55
74 56 7583
39 99 7123
53 84 2093
25 55 2953
65 35 4242
12 67 8677
59 41 5672
85 97 800
30 48 9991
36 18 1690
47 29 6299
76 40 8623
18 89 5640
58 91 5631
55 7 2439
13 85 1643
40 49 2150
68 100 5045
66 8 1140
73 10 8511
84 29 2131
85 86 5884
2 7 1821
9 4 7542
30 70 731
75 76 9590
42 3 9799
83 24 2585
94 50 1324
14 22 542
7 74 3438
72 41 2324
10 68 238
81 42 9774
74 1 4089
54 5 9736
71 25 1119
97 89 1399
53 47 9027
42 53 6786
46 38 7451
49 83 3119
80 96 4326
47 88 3472
82 9 1164
43 97 8902
24 64 3069
76 73 4460
54 60 1434
29 31 523
94 77 8730
9 73 8383
28 26 4548
15 78 768
76 52 9000
80 1 8235
1 43 3576
84 34 3274
56 80 426
10 90 7267
68 92 4751
33 28 5284
33 43 4128
61 22 1852
98 73 7548
7 43 7123
81 39 596
10 48 4603
33 91 1362
45 71 8499
60 85 2206
92 55 4339
47 38 4734
71 3 4118
38 96 4003
23 33 2486
93 44 6924
96 67 1304
10 94 7331
35 21 1080
83 85 5431
48 89 6484
32 84 3319
74 33 7473
88 61 9452
73 41 7006
81 22 5419
83 59 2134
20 11 1666
75 99 9761
32 93 7441
92 58 9940
51 64 8716
79 91 2623
36 2 3385
43 42 7543
20 59 716
46 63 966
22 80 7478
25 57 9674
1 42 2043
3 45 7054
26 89 950
57 13 3359
15 55 1196
6 57 6752
69 34 9305
29 40 2193
91 59 3218
44 17 7303
39 88 3632
97 74 7218
42 49 8929
69 71 4373
81 98 4104
54 91 3518
100 51 8921
91 40 5536
35 8 7948
66 88 4588
8 51 6851
28 10 4275
76 51 2646
10 34 4102
58 21 5312
33 30 4184
32 30 6923
22 18 2039
53 71 6301
28 63 317
80 70 2660
92 70 2591
13 14 3606
95 49 3386
9 98 8067
42 39 5106
10 43 5237
81 5 1730
36 58 1896
46 29 3347
96 63 8224
39 5 4215
94 56 5072
72 51 195
20 32 2948
97 58 5149
50 57 9461
43 41 5001
52 17 9479
49 43 9453
57 48 7907
74 62 2170
41 65 1962
95 2 8874
16 87 1681
81 72 39
73 42 4072
23 85 4244
76 85 8155
72 6 313
87 40 5927
12 99 1448
40 46 4163
36 67 8180
72 39 4987
73 12 172
53 79 129
28 72 146
97 66 4211
71 54 4088
86 10 9719
96 79 9707
26 30 3485
27 36 4381
29 99 6143
95 8 193
34 21 6305
75 8 6436
24 90 1970
29 1 5336
64 93 500
90 77 6652
32 80 5933
48 27 785
25 93 4020
2 45 1275
64 68 5963
70 22 5382
4 32 3298
55 80 6759
89 40 7586
49 2 332
89 32 1188
85 63 9402
62 90 7618
47 31 2297
72 46 8601
67 82 5893
59 81 4160
21 29 7341
40 53 7501
85 94 5225
52 64 4222
59 40 2058
35 14 2854
55 32 7534
77 55 7264
94 87 1458
31 38 6900
62 50 3332
60 23 6843
15 6 1388
89 43 9544
9 13 6883
26 58 2579
45 79 1926
60 35 5172
4 39 6554
93 24 3823
84 54 7749
74 21 3271
20 89 1287
26 36 5360
7 33 2195
57 98 1387
74 95 2593
52 80 8185
64 86 22
19 27 7047
74 38 168
52 94 1059
60 77 1139
56 55 395
11 73 9287
22 65 7590
4 94 9106
93 79 7102
7 17 7554
16 68 6548
15 39 4487
19 34 4792
83 20 4499
41 91 1275
6 99 893
25 1 9299
48 28 1176
89 76 3263
12 90 3555
82 39 968
68 32 48
41 27 6009
56 71 7460
19 74 7108
99 63 5539
64 55 262
54 55 1510
93 41 5136
78 19 4211
63 92 23
70 43 3601
65 100 2846
20 22 3857
12 80 7992
72 84 3621
40 20 1533
59 30 7646
79 7 4382
31 20 5392
36 7 5945
3 83 4008
30 65 6786
45 41 4688
51 89 3194
69 50 4113
82 57 1307
7 60 616
89 72 9085
49 30 4011
16 35 789
82 54 3365
13 84 2425
3 12 6985
73 30 1462
94 78 5821
77 59 7401
32 56 5679
62 91 2931
100 94 2889
9 53 8807
18 74 7225
9 51 8346
50 47 1766
39 3 7161
19 76 7514
82 98 9929
66 18 7443
57 94 4901
67 10 9891
73 51 1472
52 65 8152
26 99 816
64 25 2853
92 76 4630
90 80 9297
18 67 7791
88 23 5106
35 9 3615
39 49 8511
70 38 643
74 47 6075
33 63 9830
8 1 3400
28 52 1967
58 1 8169
77 93 9327
65 77 8681
55 27 3019
63 97 4640
34 37 5629
56 22 3903
4 16 9735
40 8 5317
76 17 6283
76 90 2896
88 32 4820
71 32 1947
55 99 6902
42 50 3261
10 64 1923
38 3 2582
49 91 8813
34 40 3095
100 40 199
55 87 2373
51 17 2262
9 96 3873
74 98 8956
28 50 6744
69 86 8299
76 62 9870
22 48 9148
65 44 8155
53 5 2661
82 66 5895
94 18 7957
61 79 1966
9 39 2613
28 53 6431
53 8 6487
5 37 2757
67 49 1247
7 56 430
34 1 174
11 34 8709
94 95 2621
47 86 6587
52 9 6433
49 98 6518
21 44 4192
78 97 545
76 3 7378
87 14 7708
33 58 8841
63 35 1848
22 89 3686
25 5 6355
20 70 7332
29 49 1120
81 74 9228
25 6 2356
61 29 9677
79 77 1108
27 94 420
63 74 7875
22 4 7496
96 20 7782
52 41 5050
31 91 9371
46 31 107
78 12 9383
69 90 6601
9 74 5373
78 35 213
35 45 1729
18 60 3868
69 53 7481
17 79 3460
45 46 8362
8 73 9552
88 60 8589
41 16 2668
4 27 5596
96 36 9934
32 77 6973
70 32 8222
32 48 4864
20 57 5628
35 95 4804
69 68 6853
63 86 779
43 34 138
20 27 3181
97 13 9160
5 31 6582
54 69 6965
57 19 5121
85 99 263
2 10 1192
35 48 4595
51 94 4212
25 60 8331
57 79 5491
42 97 7191
21 62 2054
58 11 2833
100 93 9033
36 29 6034
2 64 4537
63 100 2076
86 60 9661
49 46 4525
80 97 8087
96 81 5162
31 36 128
41 9 5848
89 38 6841
68 77 7040
71 37 3143
52 26 5051
86 55 4984
38 36 5173
13 61 5411
8 6 2063
10 61 5282
65 72 4865
88 17 6006
7 75 1275
30 55 6305
72 21 8829
44 49 4115
20 18 9798
79 97 2222
62 73 2537
66 87 9798
18 2 6931
53 21 7885
12 69 9391
72 45 2416
70 8 4887
60 12 654
58 28 346
36 5 1675
48 67 79
5 50 5839
5 47 8896
85 61 4756
57 77 1614
53 15 7311
48 44 5935
35 25 3480
52 39 4873
22 53 5125
18 32 7879
70 48 4142
28 90 9938
25 72 4316
3 31 6187
50 77 5962
19 1 1651
61 45 777
84 96 3440
74 86 9489
58 50 6499
5 38 5357
37 93 2845
72 95 6674
81 49 8960
19 4 9663
86 65 5397
90 11 9436
61 71 7547
73 77 7951
66 24 2142
73 21 2503
96 8 9011
94 21 7820
27 7 8103
73 24 5002
55 24 3176
95 44 697
83 13 5982
34 51 2593
5 3 4559
21 64 3120
100 18 4005
1 78 9926
35 53 5535
49 36 3618
19 39 1861
21 60 4576
68 57 544
47 94 2544
100 74 7377
81 82 8884
89 61 8457
89 30 1863
45 16 3893
57 61 9442
11 44 5927
76 95 2074
57 18 7507
32 94 8688
79 62 2062
83 8 8420
1 32 9703
96 85 7755
40 9 3024
14 48 3783
56 17 3707
29 10 6772
87 24 6807
95 29 9258
86 1 1853
79 13 6565
82 38 4767
59 73 2312
39 53 4617
69 47 8053
21 38 844
94 49 5631
97 57 6945
36 92 5746
14 64 626
70 16 4833
6 85 7262
62 17 4554
14 88 2899
8 42 4471
62 27 2911
88 83 3088
96 94 9473
4 7 2618
65 17 1415
89 55 6769
83 34 6952
37 54 2567
40 37 257
66 23 124
56 23 6008
99 96 6536
81 31 5963
56 28 1147
63 30 9354
54 90 3546
76 7 6794
89 45 8473
18 11 3613
78 92 9021
58 14 44
62 96 607
37 51 3264
8 16 8756
42 37 3874
70 34 541
22 68 7441
98 79 471
75 27 3465
22 73 5899
91 95 4725
83 5 9272
23 24 8700
42 33 7952
43 6 6725
88 74 4417
96 23 93
25 84 8068
30 94 8494
49 12 6653
62 72 9738
3 62 3967
57 96 1104
48 65 6273
33 83 8494
7 28 3852
65 46 4700
76 22 834
50 53 9470
1 12 6764
87 95 7423
87 75 9363
70 99 5048
18 80 8112
25 33 5297
41 34 2995
67 40 8479
10 85 4420
46 62 4194
16 10 153
39 29 3727
54 2 6410
16 51 2754
22 23 2915
52 49 6132
30 17 6658
83 79 3482
90 40 7763
8 43 5688
33 85 8244
27 22 4001
75 21 169
86 13 80
75 43 8028
17 84 798
75 89 5947
21 39 9163
73 87 9987
4 98 8560
78 52 5320
86 96 4508
71 88 6195
48 16 1384
67 83 2290
61 7 9180
83 86 7213
60 20 990
14 67 3001
61 37 1555
85 28 8181
87 51 9097
75 34 8577
89 65 587
16 77 6386
15 31 1429
97 91 4186
78 18 9261
36 4 2253
49 65 4142
34 97 3307
28 88 5227
13 18 6046
90 67 9079
62 1 1618
3 59 9886
26 95 6477
89 1 953
78 28 882
39 89 8505
10 78 7907
84 52 3273
56 27 7988
27 98 3518
88 3 9217
68 15 8581
11 67 1204
65 90 657
45 8 4096
54 92 4254
53 89 4854
24 28 5774
49 56 9034
69 23 4120
32 67 3553
94 46 7496
17 50 8170
55 42 821
79 37 7880
41 75 3897
15 67 9820
56 99 4744
26 20 6372
65 36 4372
35 68 2622
29 30 7895
73 32 7073
100 42 120
58 93 8555
2 27 9487
23 7 8465
61 4 8036
60 69 9120
88 41 2910
12 88 6155
98 29 9260
53 49 9701
58 41 3798
77 98 7827
18 53 1784
69 37 5815
82 10 9667
31 82 1111
29 64 3642
78 25 8419
66 16 7223
68 61 8933
50 30 1587
77 81 2346
62 56 2669
62 38 5036
16 95 1431
89 36 9241
18 81 8201
28 60 950
53 3 1373
21 69 2436
80 84 1695
14 50 4536
68 25 1784
32 92 7910
57 88 2804
48 33 2091
77 18 430
51 92 9407
69 45 2593
100 37 263
54 64 9411
26 25 6013
2 93 4574
37 24 1628
98 94 5384
60 31 1118
57 86 3543
97 28 6747
66 6 9168
86 40 8503
54 7 8559
12 92 8830
71 21 9690
89 80 2883
41 3 9608
22 10 4037
83 66 2808
81 7 4936
95 68 6814
45 19 6266
37 38 427
89 2 7391
74 43 6153
68 49 4228
55 78 4752
14 12 5908
23 20 5178
98 67 8316
71 41 8614
56 44 5081
24 63 2708
18 1 1199
75 56 9904
94 37 4671
73 44 3469
18 15 2585
15 71 7985
48 81 9263
79 10 2413
19 84 4487
90 99 6103
32 79 5170
67 85 8981
38 48 9714
6 61 5702
20 8 3627
4 14 7118
71 72 7925
7 37 8642
75 10 4254
85 12 2253
20 75 751
6 68 5894
56 16 7180
72 16 9316
39 66 1350
54 4 9421
94 64 9087
54 96 7406
66 34 3756
68 66 9846
98 7 9614
80 9 9123
61 73 5663
86 18 5853
46 91 8607
41 79 2267
7 38 8424
26 55 6658
1 9 1298
78 56 9700
96 26 781
12 87 663
94 26 165
92 49 8187
15 83 6827
79 34 5282
88 2 1220
73 97 4391
42 91 5358
30 8 6620
83 63 1541
3 78 4163
33 21 518
93 69 3598
28 5 2324
46 4 4587
7 14 5153
24 29 2465
100 47 5230
96 76 3508
47 81 447
86 48 8605
75 79 2762
3 16 8309
86 29 7298
40 15 9406
78 34 4113
64 48 3825
75 57 7742
30 51 3713
18 61 3660
47 27 7922
81 3 6613
88 22 5239
44 20 1192
34 94 911
86 66 7603
51 19 6810
35 80 5264
69 98 6867
49 10 3278
92 67 6715
72 80 4601
79 48 8466
48 92 542
60 72 2925
70 25 2653
13 96 2966
11 33 2057
51 98 734
29 27 5366
20 98 5791
74 57 6162
98 41 1589
55 69 9940
27 76 5814
1 57 3172
65 99 6539
21 3 3490
95 27 3301
33 52 4915
48 59 5250
4 84 1132
54 49 2815
9 32 9269
74 12 6285
39 23 4747
73 85 9308
6 40 3713
97 12 5333
1 96 3134
2 59 5029
42 18 2074
38 80 5427
45 59 9864
38 63 1946
70 14 8822
44 84 9358
24 7 4630
60 13 4560
53 99 5931
41 56 4788
33 5 151
50 79 1472
94 60 1877
37 2 6408
16 93 8822
41 50 8897
4 88 8929
64 4 6683
26 50 2380
9 25 8752
78 84 3869
64 91 957
16 15 8059
82 80 741
22 74 3273
42 11 8277
74 34 2413
58 6 4863
3 94 5248
68 26 649
36 76 2008
92 79 2524
69 83 4786
49 96 9423
94 17 5345
84 11 6568
58 55 6410
50 92 2200
76 80 6440
15 26 7471
67 42 8125
67 1 2674
41 7 2259
45 23 2542
15 35 2634
88 63 8538
96 56 534
5 29 235
13 52 3716
55 70 3394
100 8 4299
90 5 5681
30 87 5872
66 19 2246
16 12 821
14 24 2323
48 71 7846
93 21 310
78 64 9191
100 57 2124
99 82 6624
13 5 2034
4 65 3436
25 42 1634
88 44 780
60 95 6054
45 91 5209
84 64 8996
43 57 1389
67 65 9504
49 70 5558
87 1 6616
41 89 4638
22 55 7410
89 56 1848
26 47 6714
57 33 9609
16 20 5166
100 50 1756
17 99 8873
62 26 5027
97 26 4774
30 6 532
5 18 4151
41 5 2461
24 68 8002
10 69 2645
15 76 6613
36 10 1191
1 13 3092
98 19 1167
77 84 8574
17 12 7949
11 63 806
52 37 87
34 29 2354
25 10 2682
24 36 5113
76 99 7619
87 29 6918
23 35 2543
3 24 5093
90 84 2648
62 95 214
22 43 8718
49 8 2449
88 80 4858
56 57 9734
60 76 3164
13 41 7739
62 31 1833
53 97 2828
54 72 3758
2 63 9160
14 3 4661
64 6 4454
12 51 8620
46 37 8074
14 72 4648
80 53 7073
97 3 6298
99 16 7305
70 10 2522
27 5 8268
63 52 5631
88 13 4751
31 56 9050
35 43 8775
48 95 653
21 99 4791
10 6 2677
38 17 7308
91 92 4188
13 49 9958
78 76 3746
13 55 7315
91 35 2334
73 53 9153
91 3 6886
27 50 4372
82 18 6030
17 71 9450
28 92 56
48 87 9594
87 32 3397
4 44 1069
12 83 8294
74 36 3272
12 64 249
93 13 8558
9 94 7302
71 39 2187
32 83 8153
19 92 3004
78 62 8310
33 62 7481
73 100 5606
96 7 7698
5 57 9601
78 49 9213
45 55 9320
60 91 4717
77 61 3052
16 44 3100
14 40 3543
20 38 5986
25 74 9481
97 100 3828
100 23 902
27 86 3136
3 89 8306
67 78 1470
2 94 1005
50 75 6943
48 46 2282
8 50 837
50 34 2304
40 66 3377
24 33 5274
17 53 269
90 52 3792
41 78 5128
29 92 7101
88 76 5559
13 44 4954
90 43 2819
93 98 8930
30 86 5210
97 30 5237
21 57 4208
14 46 9004
16 32 1940
9 27 9809
56 13 9133
35 36 5919
38 4 7283
60 30 2474
76 67 2239
87 44 643
30 90 4087
14 55 2779
14 86 3678
59 94 9152
52 10 6372
2 84 6188
17 85 6994
97 72 8712
100 44 660
36 12 1156
93 15 2747
89 60 9578
28 79 4457
24 57 8447
47 75 5309
69 96 8183
6 83 4973
24 75 8950
87 18 8435
97 52 5088
60 83 2679
56 45 1428
100 55 4157
24 16 6273
93 7 4782
35 83 6363
77 42 3459
75 44 802
68 56 5918
71 95 8377
97 86 6495
32 91 3809
70 86 5568
84 95 7332
67 8 1567
65 11 9714
50 93 7130
17 59 5713
36 37 1744
66 59 3245
1 99 3981
98 11 518
51 66 2352
21 100 3130
67 22 5490
14 65 8086
46 7 2208
32 44 2429
52 46 7358
63 93 9590
49 74 662
34 57 82
53 55 2773
54 94 7919
33 79 7772
28 100 953
63 18 945
35 93 6101
20 35 502
37 72 9952
59 68 4634
28 86 1573
53 64 924
53 70 1452
15 13 7339
6 49 9861
7 13 8113
59 95 9828
83 14 1189
21 18 2206
98 89 6989
35 33 412
84 60 3511
36 48 6437
20 15 4595
40 65 9188
7 51 485
20 42 978
22 33 7657
1 97 9379
37 11 8714
65 83 952
62 10 3033
97 6 6094
16 82 5247
61 15 6293
29 3 5249
35 18 183
74 91 4316
34 15 2774
57 91 71
41 37 2002
68 98 46
72 99 2567
56 30 9528
50 66 4188
73 99 9322
99 36 4528
13 16 6184
28 25 4148
8 19 1120
81 84 7193
4 6 9027
77 22 1023
83 56 3432
79 35 2364
67 4 7026
76 57 1633
44 40 3726
24 98 276
35 86 3423
52 50 9868
84 36 4578
52 55 898
29 16 2164
73 2 4408
36 28 8831
22 17 8218
59 85 2808
83 76 7651
97 47 9160
49 11 7058
74 6 3335
18 73 8392
23 29 9749
96 34 9862
73 72 1514
67 29 6941
65 81 1386
85 48 4863
46 33 3423
58 100 9100
72 94 568
36 95 6960
21 76 8302
26 82 1127
42 19 4653
83 64 6276
52 67 6608
28 62 9910
81 58 6672
5 65 5052
16 55 9366
37 23 4653
50 76 3890
72 75 7150
88 34 6663
37 88 743
10 83 4239
76 38 5071
15 21 8893
10 80 3596
68 21 1213
65 71 4888
77 41 1121
15 12 3026
27 58 2753
33 65 6721
99 2 2055
55 47 4869
42 36 1397
81 41 1750
71 67 2994
82 65 9673
11 76 2236
83 97 745
47 90 3170
49 72 5892
52 60 7612
32 38 2189
73 46 893
23 21 7451
86 90 9706
52 70 6909
18 26 6001
98 22 4873
14 62 1478
35 52 440
45 82 9206
89 33 9699
100 48 7396
29 59 7725
70 2 6120
85 25 1804
81 54 2808
71 97 3460
44 41 4053
10 45 6491
3 33 4912
24 46 810
77 83 7443
20 28 6097
9 26 4765
79 25 6001
35 28 4092
85 84 7782
11 55 4828
61 26 8371
40 55 2811
91 63 3926
35 61 285
91 48 3563
92 84 2030
35 39 6895
93 42 7140
27 81 6325
8 12 426
76 64 2189
5 68 8439
65 96 5319
14 32 7306
63 48 6288
83 37 4900
47 89 6033
52 85 679
27 45 2462
23 41 1616
51 91 2712
29 2 9447
89 64 9853
24 8 5930
47 73 2433
69 18 9233
44 71 6771
78 7 1909
23 1 1993
73 84 9521
51 82 2422
14 81 5736
22 62 2848
18 93 3478
59 54 6849
77 51 3624
6 44 7686
21 45 5519
12 50 2518
72 44 2734
51 78 5508
87 62 2721
79 66 8420
12 13 78
100 76 548
98 23 6816
25 43 2387
21 77 4150
19 96 2282
24 40 7276
28 74 5819
83 91 3174
95 82 3792
66 54 8762
72 18 2614
45 12 3852
58 73 6261
93 83 6792
72 32 5503
6 59 1853
47 33 9865
91 66 4514
52 58 293
69 64 7357
80 60 9262
11 60 5119
58 86 4681
50 81 9151
67 56 7206
98 42 4756
52 23 4675
41 100 164
41 64 2598
62 53 1473
55 65 9049
57 52 6153
15 28 3159
19 18 5671
75 48 166
11 38 3422
92 60 8384
25 54 9026
52 11 7564
6 98 6081
71 2 2034
77 56 6134
58 89 8386
82 5 753
3 85 9909
53 41 2818
96 55 3572
62 37 5124
56 60 8409
94 36 2531
96 88 875
68 58 234
42 69 6193
74 99 4001
87 36 9561
62 92 8504
65 3 1915
30 82 8254
13 74 1700
56 36 4606
56 42 7695
21 70 3537
43 44 9877
2 42 7524
39 68 7741
91 93 8948
59 44 2052
67 72 3135
78 99 9339
92 7 1492
33 82 5407
8 54 9058
6 100 6902
61 3 8768
70 60 7518
14 18 5050
23 19 3256
76 13 5124
93 28 9991
59 74 7566
64 99 8972
92 100 406
60 27 8657
52 82 7220
26 24 2950
50 95 2587
83 1 5504
34 35 7926
78 86 7310
6 75 1440
71 70 1893
33 68 1805
36 75 3170
59 60 8200
46 23 1222
35 44 4536
71 49 1240
99 5 4939
23 8 9584
87 100 604
72 96 9354
84 83 4895
28 76 7400
72 15 8835
86 31 7760
63 5 7933
82 48 9956
13 24 5079
12 63 4701
30 54 9922
12 42 8622
53 88 782
99 48 4554
97 21 3933
50 24 7726
98 2 3246
70 11 2739
75 88 2266
60 46 6868
71 89 886
1 31 959
41 35 742
74 64 5632
1 85 377
27 59 3542
1 45 2307
98 60 4147
72 91 809
74 46 5516
95 96 230
53 93 5332
81 85 3643
39 58 605
12 29 2214
56 76 2178
50 83 9022
15 46 1021
84 23 7086
92 82 9003
82 69 3193
74 83 4577
13 23 4218
60 1 2028
61 72 7793
41 46 108
25 100 3924
45 64 387
15 73 9950
55 84 4128
26 37 8414
14 42 6448
51 13 3298
65 56 8735
7 15 3910
12 98 8798
78 80 7130
46 58 8388
29 80 6741
30 43 3630
97 48 1454
77 82 3636
47 9 8774
37 31 6402
58 79 5543
75 93 5364
77 70 1409
44 55 4933
33 19 7033
14 41 9414
77 26 6744
36 44 9206
5 88 699
62 44 5203
36 19 2118
62 24 7873
97 40 3995
37 17 8746
26 1 3085
75 14 8784
43 9 7766
6 78 2752
95 37 2055
96 100 8907
62 80 7958
36 22 671
21 78 7399
50 7 1021
30 18 6008
14 6 1928
94 74 2617
78 60 5394
23 17 1727
65 88 1182
51 93 6154
94 13 4262
30 45 6740
7 67 52
9 16 5800
79 89 8577
90 70 3537
24 15 7280
13 58 8376
78 57 7204
37 3 1246
92 37 914
33 90 1295
89 86 3580
66 38 6503
59 80 1564
10 53 6124
84 30 5380
65 43 8460
85 89 525
54 35 1381
49 37 9004
21 63 7695
92 85 9741
1 79 9978
81 25 2907
52 93 1716
36 88 4177
98 55 7944
31 30 3548
34 98 4626
32 64 7219
72 48 7386
59 50 418
39 84 8291
36 93 5795
36 17 7759
44 8 2903
9 64 2197
92 69 7632
1 6 5219
63 41 1361
53 33 8547
79 27 9833
45 15 1100
63 32 1147
65 98 952
34 5 7083
67 58 8085
52 22 7089
30 77 424
44 64 8738
21 28 3857
6 60 758
48 21 5833
50 35 3675
29 14 8001
9 20 2036
26 66 963
10 3 88
80 33 63
56 98 9279
22 3 6866
1 66 9198
86 6 843
88 91 9174
24 82 4922
74 92 6327
27 77 3696
1 81 1043
53 27 3091
79 23 7855
54 28 7711
66 74 9909
4 28 1675
51 31 9152
19 72 8577
46 10 8960
83 52 7507
98 33 3865
5 97 8512
55 43 564
12 9 6925
19 93 48
25 65 7279
28 70 4022
88 25 7389
26 69 6070
70 65 3012
20 14 7574
29 26 7228
93 34 7442
38 83 6825
53 57 787
65 54 314
80 43 9331
9 75 961
59 56 2454
20 81 6953
2 25 1807
29 52 4679
88 24 2227
49 4 1476
48 66 6353
55 12 3703
26 64 5071
97 11 5719
88 49 5892
81 37 4160
10 4 4737
22 94 7721
99 89 8159
53 56 6912
66 32 5419
71 36 2119
36 62 2578
22 86 7579
71 40 1180
26 41 9299
20 74 4350
56 81 6823
17 20 9718
49 38 1520
8 55 7511
5 43 1833
15 89 6863
43 15 1377
82 73 7165
2 86 1812
50 80 6143
38 10 91
70 50 2027
31 54 9179
64 92 8238
95 56 6841
12 30 9442
29 54 5156
24 35 4205
94 93 113
25 87 4672
94 6 4184
50 54 3441
68 91 7872
33 36 9962
9 14 4552
68 28 4156
67 80 4921
61 48 9005
8 27 6408
68 9 8282
92 80 7994
15 38 683
98 71 9840
19 17 2391
7 25 6214
79 72 9427
58 66 1062
94 69 9911
85 29 9686
27 93 2197
8 36 3118
66 56 6608
11 54 4480
14 95 6967
34 61 4327
23 92 5353
100 95 898
52 79 1293
85 88 3351
4 8 2422
84 8 4439
93 5 365
16 14 8394
20 6 6655
4 17 5983
22 30 34
58 16 4019
72 29 5345
86 45 5366
56 6 3858
90 66 5406
66 45 36
10 13 2201
63 19 9442
30 91 2667
75 65 3714
46 22 2580
44 14 6332
83 17 261
88 55 7754
7 99 1757
22 49 6620
34 67 3444
48 9 8003
19 55 109
96 31 4860
81 87 2254
43 72 614
61 69 3947
46 18 7681
43 78 798
92 47 5476
30 14 1515
39 90 9382
32 85 7047
83 27 6617
19 44 7594
78 68 6682
71 46 3874
61 83 6441
88 99 3123
62 29 4272
14 93 9952
25 44 5683
33 40 9661
62 12 3707
5 56 5654
73 57 2101
24 74 9373
95 99 2355
56 1 7903
17 46 8126
86 77 6040
62 60 4484
56 70 8530
98 58 1088
15 63 8542
55 50 5778
79 100 8887
61 100 9861
78 82 1452
65 92 849
76 31 1736
17 72 5999
52 40 3825
53 61 9550
66 67 7854
97 7 9453
31 45 8053
32 28 6732
61 8 9615
19 53 5221
10 93 2220
55 74 7867
89 17 6957
74 15 1455
80 61 3120
74 16 7174
71 52 6856
85 69 1985
56 34 3501
87 2 771
84 26 1868
99 46 5202
12 31 8933
55 59 5582
90 16 5898
42 41 9749
84 97 8844
93 71 5764
19 24 850
91 22 7883
87 71 2963
62 70 1582
96 28 3063
100 36 3308
50 10 9648
44 33 7967
7 66 7008
90 19 4966
19 5 6613
62 63 7242
