1000 5000 70
2 1 3827 
3 2 3379 
4 1 6868 
5 4 1700 
6 2 2071 
7 1 7487 
8 5 3601 
9 3 1084 
10 5 8796 
11 9 8412 
12 8 5445 
13 1 7768 
14 3 5513 
15 11 8121 
16 9 182 
17 8 4939 
18 13 3083 
19 4 5790 
20 3 9342 
21 3 8395 
22 12 7636 
23 9 372 
24 14 9335 
25 13 2386 
26 5 136 
27 13 465 
28 20 1380 
29 19 7523 
30 10 1709 
31 17 263 
32 23 4116 
33 17 6376 
34 25 1364 
35 20 1688 
36 12 5783 
37 23 9687 
38 27 9575 
39 26 8029 
40 14 7147 
41 3 3181 
42 20 5622 
43 25 7275 
44 1 2281 
45 13 967 
46 36 3872 
47 12 5669 
48 20 3140 
49 12 3521 
50 35 7165 
51 11 248 
52 2 3721 
53 15 7222 
54 31 645 
55 48 4373 
56 3 8685 
57 6 1526 
58 50 32 
59 48 3939 
60 17 3501 
61 45 147 
62 57 5613 
63 41 2654 
64 53 464 
65 21 4486 
66 7 3266 
67 5 8440 
68 42 2345 
69 36 7843 
70 22 1118 
71 21 9428 
72 5 9679 
73 7 4845 
74 7 8100 
75 28 3018 
76 32 3592 
77 70 848 
78 6 2960 
79 57 2435 
80 4 4119 
81 9 5978 
82 73 7917 
83 40 3205 
84 62 9791 
85 24 310 
86 50 5141 
87 33 3519 
88 12 4823 
89 21 2223 
90 9 9394 
91 73 8377 
92 2 8520 
93 33 6310 
94 86 4682 
95 43 8880 
96 93 8830 
97 2 8200 
98 24 1548 
99 20 3027 
100 30 683 
101 35 8046 
102 82 7597 
103 53 2826 
104 72 6435 
105 8 7841 
106 61 454 
107 20 2921 
108 92 8810 
109 40 5890 
110 83 4649 
111 89 98 
112 74 7536 
113 94 1220 
114 28 8653 
115 92 9699 
116 44 5028 
117 44 4196 
118 104 7574 
119 108 9756 
120 9 689 
121 96 3534 
122 84 5001 
123 108 2738 
124 23 7724 
125 1 8582 
126 73 9220 
127 122 6806 
128 113 3111 
129 36 8907 
130 89 7160 
131 127 5438 
132 30 1282 
133 104 9800 
134 60 6909 
135 38 5641 
136 51 9987 
137 95 1689 
138 19 2134 
139 18 4646 
140 124 3820 
141 105 8915 
142 8 392 
143 79 4761 
144 129 6536 
145 36 2156 
146 145 4349 
147 97 2891 
148 103 5558 
149 82 6486 
150 26 2643 
151 127 1716 
152 120 9307 
153 145 5479 
154 38 7817 
155 65 579 
156 25 9083 
157 155 50 
158 23 6975 
159 145 5893 
160 110 1791 
161 146 3292 
162 63 5114 
163 20 4535 
164 7 3746 
165 71 2865 
166 27 1559 
167 1 2457 
168 164 7335 
169 146 4249 
170 167 9539 
171 51 4449 
172 72 6864 
173 28 1178 
174 51 230 
175 106 1512 
176 112 6033 
177 65 7808 
178 78 6911 
179 96 204 
180 142 635 
181 7 9034 
182 177 8773 
183 100 4917 
184 160 9249 
185 148 2987 
186 63 549 
187 31 2468 
188 55 5112 
189 50 5530 
190 122 9912 
191 25 1303 
192 37 5545 
193 68 1844 
194 154 335 
195 94 1769 
196 73 5310 
197 167 4889 
198 179 3084 
199 165 2192 
200 160 9759 
201 24 8427 
202 96 6609 
203 144 4328 
204 179 3364 
205 176 3290 
206 106 2078 
207 54 9844 
208 158 6230 
209 91 5643 
210 16 9957 
211 33 8284 
212 108 7410 
213 41 1022 
214 19 1802 
215 70 2598 
216 127 2307 
217 157 6750 
218 49 2050 
219 87 7265 
220 186 4532 
221 144 7563 
222 102 3572 
223 120 5606 
224 27 1966 
225 93 2119 
226 51 7025 
227 208 5382 
228 32 9822 
229 176 6434 
230 46 9130 
231 130 3761 
232 174 8382 
233 176 4096 
234 92 7351 
235 116 6713 
236 18 2891 
237 141 7389 
238 190 1421 
239 13 1046 
240 71 4801 
241 108 3598 
242 161 5962 
243 193 3994 
244 220 7609 
245 199 7811 
246 43 694 
247 44 4451 
248 92 4828 
249 120 9173 
250 102 6164 
251 243 1767 
252 30 9854 
253 137 3451 
254 133 7074 
255 57 9406 
256 142 2055 
257 222 7078 
258 153 7968 
259 32 2457 
260 144 9181 
261 210 7794 
262 186 8541 
263 83 2667 
264 54 3824 
265 161 1593 
266 195 7726 
267 152 8071 
268 224 8846 
269 96 6794 
270 80 7817 
271 127 4757 
272 12 5383 
273 213 1609 
274 178 129 
275 205 5786 
276 105 6529 
277 61 1138 
278 138 4036 
279 155 3159 
280 217 9890 
281 65 3841 
282 260 9394 
283 2 5952 
284 54 4731 
285 37 8703 
286 226 5858 
287 115 6917 
288 52 8003 
289 130 5509 
290 189 1850 
291 107 6263 
292 131 4630 
293 37 8524 
294 141 1165 
295 51 7988 
296 210 3313 
297 228 5772 
298 208 1701 
299 49 3812 
300 102 3577 
301 246 8652 
302 82 1811 
303 35 2960 
304 81 9227 
305 44 8217 
306 145 166 
307 260 7758 
308 105 9547 
309 143 8444 
310 231 8034 
311 185 2255 
312 246 9234 
313 212 5220 
314 282 9474 
315 53 1404 
316 88 4777 
317 288 2804 
318 290 7773 
319 3 809 
320 275 276 
321 299 1879 
322 11 789 
323 189 2871 
324 192 7809 
325 16 6937 
326 201 7266 
327 49 3470 
328 266 5743 
329 152 4351 
330 165 387 
331 106 2729 
332 155 5860 
333 116 66 
334 127 2731 
335 28 5157 
336 188 7413 
337 329 308 
338 140 482 
339 281 4158 
340 152 351 
341 200 8298 
342 191 4272 
343 112 9149 
344 193 3964 
345 262 2326 
346 267 5958 
347 283 6221 
348 178 9039 
349 144 1455 
350 45 6061 
351 176 6620 
352 185 8837 
353 150 1887 
354 151 5316 
355 128 4270 
356 133 3309 
357 353 815 
358 136 6382 
359 138 140 
360 331 6660 
361 331 6044 
362 99 9117 
363 230 5259 
364 260 4402 
365 203 73 
366 186 6497 
367 20 9076 
368 82 5679 
369 255 9300 
370 312 1209 
371 11 6106 
372 271 1663 
373 191 843 
374 366 3483 
375 31 4488 
376 248 4303 
377 269 327 
378 113 6960 
379 17 5787 
380 221 8018 
381 64 947 
382 285 4568 
383 4 5978 
384 383 6034 
385 28 6156 
386 142 4327 
387 140 9963 
388 86 790 
389 320 9266 
390 335 5550 
391 169 1277 
392 262 4944 
393 127 2010 
394 320 5723 
395 377 5189 
396 26 2487 
397 54 3524 
398 177 6803 
399 246 478 
400 337 4923 
401 37 8987 
402 401 1994 
403 374 3205 
404 145 5723 
405 352 9939 
406 165 9783 
407 272 9124 
408 189 5109 
409 286 1170 
410 253 9323 
411 206 4168 
412 59 7250 
413 161 6406 
414 350 5817 
415 337 2862 
416 316 5452 
417 325 296 
418 374 1944 
419 414 9928 
420 125 4660 
421 326 1402 
422 14 4989 
423 221 2634 
424 319 2956 
425 135 307 
426 277 1172 
427 358 2446 
428 423 8579 
429 139 2444 
430 278 7997 
431 184 2704 
432 164 5515 
433 14 6376 
434 35 444 
435 275 9860 
436 128 9047 
437 71 5786 
438 118 7288 
439 285 130 
440 258 6275 
441 294 6133 
442 35 5131 
443 299 8000 
444 21 3638 
445 80 2569 
446 352 2017 
447 286 8550 
448 406 9925 
449 143 7251 
450 195 2504 
451 444 4670 
452 329 8695 
453 186 3231 
454 369 100 
455 146 3691 
456 84 1162 
457 325 6814 
458 85 6866 
459 281 809 
460 353 9530 
461 189 4147 
462 150 963 
463 100 2496 
464 39 627 
465 457 7133 
466 152 3754 
467 183 3147 
468 443 1483 
469 134 1909 
470 362 7651 
471 122 8551 
472 69 4180 
473 446 6185 
474 401 6166 
475 415 9894 
476 49 9422 
477 91 3796 
478 378 5959 
479 423 9202 
480 287 8762 
481 333 4599 
482 108 2573 
483 272 8122 
484 153 9010 
485 465 8645 
486 307 9310 
487 238 1811 
488 129 3495 
489 64 5972 
490 381 8184 
491 452 3966 
492 183 2381 
493 245 2772 
494 304 6266 
495 274 5787 
496 377 9117 
497 124 6664 
498 466 8446 
499 285 9274 
500 15 3185 
501 77 214 
502 184 9440 
503 420 3045 
504 179 6645 
505 111 2503 
506 85 1214 
507 359 5274 
508 483 5832 
509 333 2295 
510 429 9939 
511 190 6373 
512 226 5134 
513 393 9373 
514 410 6063 
515 446 3184 
516 202 7646 
517 356 4525 
518 73 589 
519 426 3485 
520 132 4096 
521 344 225 
522 429 7871 
523 255 1352 
524 438 7767 
525 514 1775 
526 35 7446 
527 466 1087 
528 372 8802 
529 423 9284 
530 467 9556 
531 60 5517 
532 410 3229 
533 434 8084 
534 428 8937 
535 302 9582 
536 199 6474 
537 212 7471 
538 314 4030 
539 209 9107 
540 333 1986 
541 454 2952 
542 501 7345 
543 268 4034 
544 327 1161 
545 158 2679 
546 456 4080 
547 149 3249 
548 510 5210 
549 342 489 
550 45 4788 
551 197 2325 
552 292 2497 
553 244 5155 
554 246 8726 
555 19 7369 
556 400 4442 
557 81 4304 
558 426 6311 
559 329 7473 
560 219 3986 
561 274 1550 
562 114 4638 
563 267 4621 
564 311 6857 
565 410 1941 
566 123 8043 
567 341 5008 
568 428 6962 
569 231 4855 
570 172 6488 
571 561 9445 
572 356 4265 
573 194 1937 
574 38 481 
575 418 8425 
576 258 6296 
577 332 1120 
578 35 8260 
579 404 8211 
580 173 492 
581 410 1195 
582 417 6674 
583 92 3944 
584 88 1202 
585 301 2449 
586 6 4830 
587 270 8000 
588 376 2777 
589 334 9652 
590 232 6070 
591 539 9659 
592 78 3026 
593 68 993 
594 58 4372 
595 490 6490 
596 570 6214 
597 238 5882 
598 140 3194 
599 9 3839 
600 96 3367 
601 8 7389 
602 5 6450 
603 270 3562 
604 173 433 
605 451 6752 
606 30 1557 
607 409 160 
608 467 1531 
609 177 8973 
610 249 8679 
611 123 7333 
612 327 9032 
613 89 8867 
614 121 7215 
615 37 2571 
616 314 761 
617 393 1064 
618 65 500 
619 572 3499 
620 174 2931 
621 492 1384 
622 174 9129 
623 288 6199 
624 179 7770 
625 322 5797 
626 363 6683 
627 451 6072 
628 54 1866 
629 474 7389 
630 33 6471 
631 7 724 
632 496 8056 
633 116 7869 
634 526 498 
635 84 5886 
636 595 4084 
637 430 9964 
638 27 9940 
639 556 8028 
640 285 2553 
641 149 7296 
642 610 8259 
643 633 3172 
644 511 925 
645 361 1275 
646 181 7467 
647 106 6295 
648 605 5498 
649 155 8010 
650 89 7622 
651 593 6894 
652 496 2527 
653 597 9735 
654 532 29 
655 381 7997 
656 201 3699 
657 60 8446 
658 390 3470 
659 54 2808 
660 244 8044 
661 539 994 
662 306 6801 
663 1 947 
664 444 1766 
665 357 279 
666 616 24 
667 40 5412 
668 598 4735 
669 324 6967 
670 71 2233 
671 302 9567 
672 420 3480 
673 59 9845 
674 479 6225 
675 536 1155 
676 507 628 
677 250 656 
678 459 9113 
679 462 667 
680 558 462 
681 628 547 
682 79 7734 
683 501 257 
684 127 1335 
685 523 8628 
686 133 9224 
687 459 2089 
688 446 6144 
689 93 4747 
690 272 6636 
691 98 1199 
692 107 9367 
693 672 6776 
694 635 2747 
695 73 4593 
696 321 6626 
697 493 6738 
698 487 1203 
699 631 351 
700 616 7613 
701 297 3607 
702 488 2302 
703 680 9282 
704 419 9747 
705 274 8981 
706 474 8694 
707 573 1672 
708 484 3133 
709 184 5222 
710 479 5055 
711 137 5924 
712 503 7573 
713 586 1058 
714 626 3306 
715 651 1976 
716 370 9076 
717 326 6269 
718 23 8869 
719 320 1022 
720 84 3627 
721 394 4202 
722 685 7868 
723 668 9221 
724 684 1090 
725 453 6172 
726 53 1240 
727 550 5718 
728 508 8502 
729 245 3223 
730 597 1717 
731 221 2492 
732 387 7611 
733 342 874 
734 372 3065 
735 717 6989 
736 40 8985 
737 355 1183 
738 648 7356 
739 706 9603 
740 211 4141 
741 77 2732 
742 705 9626 
743 652 9204 
744 236 855 
745 30 5175 
746 418 1372 
747 731 2784 
748 223 2671 
749 223 723 
750 4 9968 
751 437 8943 
752 673 9676 
753 161 8533 
754 46 6648 
755 121 4967 
756 550 4963 
757 749 765 
758 181 8807 
759 21 9499 
760 454 1024 
761 128 1636 
762 574 782 
763 45 2677 
764 74 6633 
765 198 620 
766 98 825 
767 2 187 
768 80 3495 
769 86 5810 
770 571 9747 
771 200 7567 
772 194 6490 
773 500 4340 
774 558 3667 
775 451 1961 
776 280 4780 
777 14 6841 
778 5 2150 
779 474 699 
780 431 7033 
781 700 5453 
782 736 6209 
783 121 2458 
784 604 776 
785 88 897 
786 625 4630 
787 237 9325 
788 123 9487 
789 368 2547 
790 50 109 
791 30 9682 
792 566 3873 
793 13 8650 
794 551 3253 
795 685 4041 
796 390 3631 
797 129 1373 
798 141 340 
799 689 9387 
800 482 7223 
801 741 109 
802 699 2348 
803 464 2871 
804 203 5387 
805 109 3905 
806 371 8072 
807 70 924 
808 27 8780 
809 20 1617 
810 296 656 
811 418 2659 
812 546 3687 
813 309 8873 
814 65 3556 
815 383 4885 
816 46 8333 
817 727 9817 
818 316 4382 
819 262 5665 
820 238 6931 
821 100 3578 
822 72 3619 
823 656 5730 
824 437 9130 
825 358 493 
826 345 6853 
827 799 6661 
828 150 2912 
829 577 6399 
830 398 7078 
831 70 4487 
832 686 2596 
833 499 5157 
834 593 1157 
835 353 3168 
836 755 4829 
837 472 7077 
838 387 9172 
839 344 1976 
840 98 4233 
841 695 9978 
842 797 7024 
843 675 213 
844 640 1973 
845 837 9864 
846 480 7722 
847 680 6880 
848 830 929 
849 541 8493 
850 580 6917 
851 589 4382 
852 452 8896 
853 534 1999 
854 560 3230 
855 86 5223 
856 640 1492 
857 244 2980 
858 535 7591 
859 12 9513 
860 613 5938 
861 222 8424 
862 676 2858 
863 116 4341 
864 770 8458 
865 778 7800 
866 677 2250 
867 283 1671 
868 388 1799 
869 30 3320 
870 714 3123 
871 198 7781 
872 468 5288 
873 337 1168 
874 628 4663 
875 626 2570 
876 836 4877 
877 680 7790 
878 640 4744 
879 262 7043 
880 585 3961 
881 60 8745 
882 6 6799 
883 875 2391 
884 535 1487 
885 437 5654 
886 247 1207 
887 339 1951 
888 235 5618 
889 753 5225 
890 60 3905 
891 642 188 
892 160 5536 
893 17 6810 
894 608 2287 
895 624 9627 
896 824 7573 
897 132 1471 
898 61 6621 
899 87 6572 
900 242 7939 
901 399 8879 
902 254 8012 
903 557 113 
904 288 2122 
905 840 3160 
906 327 7455 
907 618 735 
908 761 5066 
909 356 3683 
910 840 2959 
911 632 3810 
912 757 5936 
913 761 498 
914 494 1450 
915 261 2526 
916 902 1924 
917 727 5898 
918 660 491 
919 364 4762 
920 165 9259 
921 144 6298 
922 286 671 
923 727 7057 
924 920 9440 
925 700 4178 
926 408 7873 
927 41 6089 
928 905 9957 
929 827 5328 
930 121 528 
931 596 7687 
932 668 8097 
933 795 2986 
934 840 8412 
935 563 6025 
936 422 2031 
937 703 2521 
938 680 5170 
939 623 5054 
940 695 653 
941 657 9860 
942 931 4126 
943 302 1415 
944 726 4327 
945 643 3968 
946 70 9906 
947 724 2492 
948 589 5565 
949 637 3483 
950 244 2123 
951 121 4049 
952 215 2353 
953 864 1019 
954 148 8969 
955 780 6576 
956 765 397 
957 235 1121 
958 508 9134 
959 385 2672 
960 923 6046 
961 200 8603 
962 869 6075 
963 98 506 
964 311 8664 
965 358 183 
966 556 1817 
967 601 6000 
968 334 7072 
969 185 3193 
970 709 8765 
971 779 460 
972 834 4831 
973 824 7692 
974 958 2603 
975 493 8410 
976 222 7698 
977 410 5450 
978 777 3061 
979 735 5480 
980 876 3448 
981 234 9838 
982 140 8462 
983 974 5997 
984 487 8059 
985 808 5203 
986 190 1314 
987 788 9934 
988 266 8659 
989 52 95 
990 688 652 
991 474 3622 
992 60 9133 
993 174 6113 
994 568 7915 
995 600 171 
996 518 9129 
997 729 410 
998 350 3238 
999 294 7871 
1000 322 8454 
326 46 2990
995 228 1753
66 102 1530
191 792 2924
961 819 6462
309 311 5456
703 209 6547
296 872 4408
624 597 9114
576 488 6737
481 500 3954
509 635 2383
26 423 3853
812 566 9487
14 991 5454
626 266 8750
438 19 8651
250 576 1419
151 399 1595
309 98 916
95 892 406
745 858 7162
300 427 9922
195 158 6453
291 643 2671
419 797 1504
169 545 3492
684 888 8045
610 357 7188
227 681 6471
98 419 7128
539 734 5524
609 539 6431
200 388 411
331 308 5665
598 337 2450
466 994 504
596 894 3874
922 976 1307
587 43 8640
250 762 3619
182 697 8456
631 650 5449
12 345 163
169 392 5331
775 926 7830
674 41 5867
515 295 3766
701 934 5520
776 795 5129
501 824 6812
515 600 6934
716 823 389
49 25 5814
525 666 9427
916 365 2315
677 380 8499
999 183 5827
760 243 4515
25 969 807
477 776 9543
293 117 5365
406 689 3640
68 634 9791
463 665 4049
127 125 3231
48 948 8782
765 388 7049
703 239 3495
157 218 5805
831 470 9965
967 341 379
820 704 733
716 68 3878
823 470 1059
186 523 2927
272 884 9209
820 175 1879
578 172 9933
537 320 6418
872 183 1202
528 553 3141
952 20 7181
496 10 4862
912 485 3147
363 732 3245
806 287 7504
743 904 5687
737 639 1136
364 462 608
874 573 2856
147 474 4898
211 244 5931
598 23 3202
766 148 7327
285 815 9738
443 303 5380
569 337 5671
230 422 3695
110 94 2636
258 618 8031
419 289 2221
364 188 7519
93 285 6545
102 866 6002
112 242 4227
458 912 4488
338 621 5358
701 529 8123
947 446 7272
117 490 9981
760 146 1708
85 380 3418
942 680 3997
125 625 3399
911 351 5940
111 593 4041
530 179 724
284 29 5747
208 1000 726
840 117 2214
120 178 9624
652 591 5683
666 954 8777
931 581 340
885 491 1128
422 882 8703
147 877 6781
908 897 1080
322 583 746
981 502 6178
234 433 7859
384 19 3535
262 461 9752
38 878 6692
910 563 7182
858 46 6219
758 390 9037
701 721 5455
649 219 6804
79 527 4394
642 586 6279
822 931 5707
563 878 3939
746 4 8899
100 756 4458
858 128 689
626 522 3446
933 495 7367
584 151 4799
854 710 3840
44 801 1272
104 532 3186
250 802 3721
946 832 9759
635 629 7753
934 797 7928
580 462 4925
758 216 780
764 445 5172
328 875 1235
870 468 9820
257 788 3847
648 956 3887
810 621 5405
707 852 2451
932 901 3718
235 904 8927
347 881 7776
456 728 5047
140 176 6088
834 409 532
525 656 8841
929 20 804
151 675 6983
227 321 4622
294 40 1646
944 743 5979
131 487 8908
372 604 5018
650 281 9018
641 561 3646
889 88 6829
899 504 4422
351 276 1721
464 399 691
984 435 4365
949 704 3409
274 268 2899
193 405 5985
925 135 3473
249 33 5227
256 627 7972
848 251 2269
942 767 9664
37 463 3663
441 913 8898
294 331 6068
195 332 6712
60 975 3608
680 189 5883
883 881 5531
337 542 4876
889 531 5845
69 529 6153
23 260 1554
603 764 3853
355 166 2831
590 606 1118
435 560 2790
35 330 9754
200 944 8048
642 693 7848
675 613 2809
275 360 5174
247 461 6392
277 42 8862
395 892 6187
90 60 2893
409 640 6775
291 114 7745
996 654 6638
766 629 7403
413 389 3526
329 811 6631
223 450 409
579 744 1419
684 18 8145
909 311 3028
368 685 2164
97 56 2963
305 611 4863
917 529 9623
206 272 4304
765 329 5202
876 790 3564
822 68 9230
768 432 3756
66 606 5576
871 988 4048
199 584 9366
225 891 3082
973 790 5745
734 336 2441
568 539 6351
89 882 1572
399 596 824
456 319 2540
318 12 264
496 194 1022
72 755 9112
907 850 6112
89 362 5303
964 295 8107
6 407 2008
316 494 9899
277 351 4670
932 190 6165
391 671 3330
37 415 9808
810 91 6240
664 471 9811
892 693 1797
834 602 2326
10 534 3128
560 929 1553
355 581 8439
707 630 7725
124 984 4637
803 537 6766
297 954 552
273 486 3767
651 833 4314
675 904 6366
228 873 5317
263 477 6496
573 685 3400
722 471 3652
224 808 7903
679 689 9629
269 815 1730
742 949 5778
37 338 2871
512 140 7200
892 744 7746
896 198 8474
977 434 7281
391 141 2278
583 876 8104
466 424 8463
712 311 2675
671 82 2654
302 498 8655
571 875 5884
889 33 6692
519 155 6792
666 839 2886
838 388 3413
289 111 9849
700 965 558
471 532 9727
323 582 1860
2 525 4942
372 193 5175
22 488 3916
396 956 4835
592 321 3837
805 562 253
439 114 7569
950 814 2359
161 375 5912
121 849 138
526 86 8725
571 447 7276
833 557 4003
749 204 7127
873 29 5141
376 487 494
297 555 9737
525 198 365
811 610 4087
119 270 8016
162 221 1421
381 223 4985
901 567 1063
828 988 3942
109 248 9631
29 449 8358
119 60 7772
953 827 7157
759 743 4399
975 304 1251
529 881 5803
837 250 889
991 856 3625
525 594 3461
477 945 240
847 859 258
777 905 6271
191 944 2229
877 352 4337
7 684 6359
921 908 9799
453 61 9320
140 68 9380
792 605 9127
414 268 6357
49 344 6975
182 674 6006
548 902 9768
593 135 2467
628 749 2020
661 684 6621
556 476 8589
12 765 3801
990 45 6193
99 847 1065
532 692 9482
984 967 1756
278 675 7199
651 898 1603
945 943 1219
658 279 9838
870 368 4253
761 349 4618
244 621 8146
245 563 9187
79 950 5893
915 132 4007
218 845 4710
315 751 3737
348 694 9874
431 13 8968
431 326 2324
54 981 2783
24 480 1351
559 765 289
620 369 3475
107 406 6249
90 570 3447
178 803 7972
199 287 3946
82 332 2259
480 164 5235
694 346 768
135 858 1518
217 267 2269
573 273 4983
880 625 3363
677 877 590
264 7 6485
998 469 3918
740 66 2586
367 80 2940
943 42 7404
163 438 1839
132 762 3565
7 409 8338
114 850 9764
195 662 4339
387 86 6974
770 975 2201
430 131 1289
286 308 80
382 432 8630
991 161 2262
468 69 6993
289 492 689
135 731 9140
332 778 8316
213 386 7261
248 294 9133
621 93 4979
938 572 9420
936 697 2320
497 794 5301
24 763 7725
509 446 6472
707 339 9508
811 590 6923
153 357 8622
123 531 5059
800 54 4747
114 946 3946
60 654 2955
860 735 6524
444 365 6609
872 654 7355
473 338 2032
643 36 3861
621 832 2458
175 454 1289
8 221 6649
47 775 7338
237 898 4439
864 68 8949
747 323 3
204 708 294
753 149 1532
897 223 3898
753 907 4818
713 176 8881
345 476 4398
148 840 4788
415 786 6809
945 312 9127
134 444 257
323 66 3333
573 796 7574
986 309 6999
174 480 4939
444 985 9345
785 504 1014
895 969 3703
278 127 7567
250 204 7122
400 827 2666
328 618 8818
581 769 6650
354 627 6961
620 120 4980
346 503 3644
568 371 2265
344 606 4274
284 804 501
406 453 8130
652 362 901
885 911 2184
520 24 9586
859 761 1887
349 285 6980
655 172 7927
391 450 2704
381 401 2640
83 958 4139
895 535 1317
154 864 8878
457 574 6889
542 71 1447
323 375 8617
986 663 2062
684 114 353
718 47 4860
590 266 8486
162 448 5760
629 748 7323
679 117 9560
925 334 2921
134 250 6057
835 854 872
573 116 8082
437 714 1973
978 351 5099
231 268 1172
144 461 3385
856 843 1161
859 104 4463
380 792 9562
649 5 656
23 298 4760
775 501 4716
818 877 2489
176 607 1974
816 7 3289
621 677 6888
813 458 4440
403 298 5199
836 571 5602
45 168 2023
507 86 4686
776 816 6357
608 182 4846
201 730 4298
448 271 4909
800 25 7160
855 374 3373
487 971 6069
511 512 25
35 988 7302
700 371 6517
504 129 7870
550 866 7321
435 942 6602
254 189 8076
990 280 4943
348 224 4442
479 397 4942
385 740 6276
123 440 9948
922 39 8555
333 894 2790
361 608 4273
538 423 8265
507 281 7047
254 99 8841
126 173 9999
809 872 6295
758 992 3981
25 643 4795
79 447 7027
405 476 7301
457 421 7691
549 280 1423
927 248 1049
539 258 4354
217 525 7509
829 933 9670
882 317 9253
978 931 1602
149 848 6862
847 844 5130
489 805 9379
395 85 1237
342 193 3522
302 951 8864
356 388 1835
261 268 9840
14 114 2734
697 867 7721
198 941 7935
390 634 6662
11 656 1651
779 969 2389
316 439 8431
662 865 4440
208 922 4545
620 681 2971
1000 181 2629
392 575 8684
422 909 1998
5 81 6672
449 811 8144
945 858 2406
779 751 2827
224 453 8060
909 346 8713
421 231 3760
358 92 4258
915 819 4949
885 148 3880
787 933 9062
4 125 5351
579 613 4930
620 775 3456
312 80 3725
136 261 2815
271 618 3002
673 723 7735
309 238 671
865 225 5631
539 377 7137
392 733 3512
239 399 2987
260 995 6612
440 107 4756
163 227 8544
990 70 5594
74 255 6450
632 123 256
777 552 4022
495 915 8851
919 126 9538
801 128 5857
800 284 6117
620 909 2817
229 336 5666
518 571 7959
924 545 6636
575 544 6603
635 408 901
420 457 1399
548 522 9308
191 998 2558
976 397 161
928 424 5856
162 25 1404
120 898 1627
692 27 7286
427 1000 6123
90 819 174
266 866 9213
798 638 9353
879 982 5499
754 385 346
786 127 6538
48 267 1173
454 266 9831
449 552 3116
241 690 1519
671 431 6633
949 58 6109
621 416 6303
217 782 8037
862 828 3137
417 906 1763
272 490 4555
59 39 6434
596 979 6068
92 828 2548
666 470 6366
619 573 1850
552 237 5301
77 474 206
481 260 1625
46 53 8837
910 367 6582
254 666 5092
940 318 2826
864 993 713
300 3 7884
900 25 4736
81 940 7512
515 605 9581
684 801 8289
997 674 8805
657 926 2058
721 140 8356
754 702 6521
208 336 6274
826 198 1623
90 259 5381
65 540 8392
932 20 4846
550 942 781
343 486 9239
749 184 7979
406 93 6673
497 453 7524
72 723 4160
888 529 9733
86 27 5006
134 707 2104
752 994 6200
360 5 4756
396 467 9326
963 994 118
289 868 7566
972 299 4541
461 83 4556
343 982 3590
457 690 2957
646 354 1303
76 874 8993
766 870 8343
494 205 9616
291 996 8297
353 917 2565
453 831 7528
861 139 6243
587 88 1249
677 707 2552
808 47 9682
637 790 7589
780 122 4793
53 67 9413
906 399 2165
180 102 6349
221 984 1133
592 496 2970
293 857 7940
155 87 8259
251 556 3281
483 924 3678
908 919 8894
678 833 4290
35 223 9532
61 843 226
213 718 6148
939 901 6750
213 906 3071
953 525 2077
158 647 7818
371 84 1976
992 9 9559
911 190 6220
730 556 5138
786 551 5385
143 124 1653
911 456 732
380 464 1965
11 798 5678
163 167 1962
705 71 2313
354 661 4975
243 21 3190
804 380 3704
100 848 3274
798 878 617
264 137 6443
485 629 6800
51 126 5785
393 218 6515
181 401 3690
879 10 1068
367 76 6837
281 169 9795
693 410 454
252 10 224
349 502 7609
428 890 2245
706 816 9413
159 313 8233
899 76 6266
380 736 7306
714 486 2817
354 960 2447
459 533 2233
570 811 940
654 411 5259
358 924 5980
356 397 9575
210 355 962
72 941 9396
106 287 4024
547 617 2334
540 668 9370
720 34 7293
883 151 8934
742 646 950
150 346 7172
23 448 8781
218 115 5064
441 271 4906
79 144 6053
920 807 3789
161 756 8906
190 233 8171
14 122 8436
20 402 8581
810 128 8101
806 314 6324
30 407 6103
968 575 7053
902 892 2896
887 971 3212
194 344 1559
87 663 2959
11 882 22
278 346 3436
603 773 7269
556 422 6084
449 626 2031
364 503 1327
918 958 5655
18 325 6914
616 370 7603
841 416 6279
131 83 749
448 766 5357
707 670 8585
367 140 4251
800 796 7698
317 497 470
717 102 3894
819 1 4843
16 790 8803
153 345 7197
688 434 2066
713 665 9633
354 244 3692
76 138 8696
749 215 6743
797 89 2048
142 728 1234
465 370 5957
232 523 6882
271 512 5880
343 641 9887
285 558 3265
753 71 5245
223 347 9353
781 997 1274
831 504 8708
430 943 655
652 577 8677
787 11 5741
798 871 7481
594 839 7228
690 530 5747
224 296 4570
465 288 7742
780 49 3909
439 423 7525
345 704 9762
840 620 3911
348 363 8642
916 412 6580
252 170 5043
830 967 4112
421 409 9421
233 75 9257
427 716 5367
940 281 1051
599 230 8041
786 790 201
931 35 894
140 541 8223
741 83 1923
105 288 7126
890 626 3543
294 509 6912
79 13 6838
316 772 1622
513 657 2554
937 296 3488
458 619 6053
729 315 9084
288 603 8236
696 331 9104
4 97 4815
265 245 5006
968 714 3366
677 862 6895
698 835 5626
513 877 8658
950 848 8141
586 471 9443
493 705 8784
949 25 4826
248 451 8986
717 462 1777
909 300 8695
347 591 3798
794 884 5319
848 10 9846
820 282 7773
650 933 3642
240 663 9803
300 606 2363
44 730 1382
518 995 9999
599 76 9073
922 22 9882
95 682 9916
898 192 5448
204 252 891
993 343 4369
990 665 2635
679 818 9811
855 634 8451
629 732 2273
430 798 7887
68 855 3261
836 881 4258
453 263 7258
662 253 9170
251 878 4219
265 676 9493
325 722 5918
435 904 491
677 811 319
91 949 1875
973 49 3534
491 578 4714
989 556 6969
833 250 6744
34 299 9308
729 272 3834
60 215 2503
683 824 177
303 582 9233
23 409 9157
37 725 4929
605 124 1445
226 100 8204
588 457 9714
42 329 6892
650 565 8717
207 589 7379
841 925 5634
601 597 8396
784 929 5845
477 868 6070
832 330 2991
254 766 451
62 381 6766
377 305 4416
871 477 4237
497 72 9986
316 744 9864
444 259 2024
805 859 4613
806 317 6411
441 740 5623
864 998 5132
621 918 5888
301 295 8851
920 786 2171
125 308 980
504 186 3285
767 795 5352
730 148 5782
357 483 1680
498 917 4995
339 123 2631
166 686 1002
601 265 149
33 601 4539
265 572 1765
968 606 5705
961 580 531
640 877 9934
853 566 2609
995 514 5825
533 736 8897
150 314 3418
583 828 6368
717 559 7847
23 60 6315
760 145 9623
709 767 2074
426 604 3954
412 653 1410
946 277 1679
149 197 5527
231 14 3932
915 728 8552
631 646 7368
402 574 3586
662 431 1169
750 282 3597
103 626 870
799 18 7163
823 215 2190
283 708 3095
346 547 8317
782 579 4019
242 868 6239
724 20 2801
49 862 4262
420 627 1221
452 413 9998
818 68 3097
505 274 1960
815 8 5562
623 930 8329
684 850 6319
931 388 558
459 310 8532
489 34 6429
136 304 9210
880 310 4729
944 302 9690
405 33 4104
789 9 7041
121 265 6380
467 80 6074
928 404 690
13 164 5455
670 28 849
545 327 1510
885 394 8891
520 363 941
442 45 4216
125 932 942
899 826 1142
725 640 5941
505 813 9149
819 334 8507
893 638 5570
444 649 1425
897 445 8559
287 705 2191
408 247 5421
16 952 3226
254 864 9812
995 189 9697
331 299 7603
583 826 2316
410 61 1070
445 410 3012
642 424 2707
585 427 3501
930 631 5799
536 875 450
556 806 6816
887 841 2178
668 749 8020
604 830 9150
11 411 7665
625 329 7055
624 932 8024
328 400 6955
286 785 9843
325 1 2408
130 908 6401
138 738 5918
474 841 7417
762 992 9831
628 228 8101
90 6 1279
156 992 2596
781 476 5204
757 134 2159
335 413 5317
289 32 5554
806 617 2872
286 59 5542
455 87 8300
1000 330 5459
479 614 4199
133 834 9729
245 596 4928
384 376 5240
407 304 630
210 43 9893
515 134 6221
64 478 9503
29 308 2739
421 519 2393
216 425 3759
823 773 1822
520 260 1103
766 296 7787
54 667 9692
628 996 8890
514 234 8539
355 381 1378
368 857 5475
578 514 9217
905 359 3763
180 620 3641
411 978 202
35 868 9013
930 570 9305
498 12 2558
559 908 5749
171 65 6977
83 209 102
821 353 789
158 164 754
338 258 6951
150 801 9829
344 34 5191
364 802 6445
519 713 2906
883 957 9105
354 386 67
185 738 2803
169 76 7404
605 118 8010
118 665 8038
941 630 4121
32 194 1411
508 504 5883
264 178 1645
577 33 9812
36 22 3508
382 803 7431
278 396 83
602 658 3957
34 531 1901
14 867 2677
872 60 5051
979 874 4485
46 903 2043
635 371 7759
551 616 7218
62 127 1106
211 594 6085
481 654 3591
139 839 430
868 246 7739
482 225 53
562 958 7123
733 252 6250
84 513 8993
913 827 7366
742 610 2576
628 88 8745
350 399 5471
947 176 6701
80 598 852
546 647 6271
157 959 8031
373 175 3199
270 780 6785
657 699 2760
558 618 6474
40 812 2378
666 532 7735
566 199 2831
527 467 7411
871 217 2339
936 735 1988
503 804 3183
138 684 8959
881 673 5376
981 585 9318
720 103 1969
178 902 8068
103 689 4938
436 310 4291
629 13 3122
385 901 8204
838 561 865
861 324 5817
543 290 9860
101 722 3921
569 829 781
961 295 9138
927 1000 7068
385 103 4006
261 421 511
538 950 2953
881 382 6567
199 406 9309
551 471 1810
819 29 2280
664 171 8699
434 481 2578
127 129 4618
426 969 8777
939 927 6942
764 529 5952
567 933 3866
517 923 8634
224 679 5917
470 643 1448
333 215 1488
113 431 4486
529 479 3293
351 725 7276
704 378 8898
86 777 6776
712 655 3497
462 651 3341
786 597 7455
140 735 1454
751 267 6654
216 830 2667
349 785 9258
620 75 6452
111 633 2260
662 56 2162
937 938 7446
409 706 9463
903 34 815
707 321 4420
207 830 7201
984 808 5519
304 752 361
973 454 8482
685 435 5541
826 727 1829
698 850 6305
666 631 5377
147 455 905
247 537 141
430 518 1605
151 439 8593
907 73 9509
96 264 3982
799 125 1824
425 597 4024
500 996 133
174 722 2130
268 650 2323
914 664 5324
698 691 2488
393 900 7611
385 332 961
380 818 9287
297 510 900
513 584 4992
590 323 1423
740 713 8589
4 123 4349
985 527 371
313 403 2419
843 171 4515
515 197 1327
764 195 395
641 486 1566
499 564 6456
9 178 7815
404 715 2490
145 703 4994
263 50 7757
83 449 4869
341 732 2198
645 118 6021
559 127 4564
820 990 276
872 983 4154
424 625 3306
863 558 7251
861 94 4899
228 128 6187
236 809 959
55 195 565
24 497 282
858 510 7500
520 478 2841
807 826 2140
598 520 2929
800 30 9723
797 414 5290
642 138 9935
496 849 4100
906 180 2574
297 127 5585
478 447 8020
389 576 2099
517 278 8763
228 785 8759
86 469 4280
965 175 6464
738 507 1439
101 817 8326
937 530 3167
857 946 1019
643 589 4242
654 794 5987
395 84 3039
756 555 6051
704 866 4925
174 64 503
595 652 6631
474 386 3160
544 335 3460
938 17 2339
534 629 606
498 828 837
282 695 9042
579 381 1742
580 277 4580
15 488 1361
971 272 7719
811 540 3702
701 815 2009
588 304 4582
938 195 9864
262 429 8840
517 493 973
10 906 8099
531 237 4445
79 456 3500
769 476 692
471 190 3375
970 405 4439
652 777 4118
813 79 8438
337 490 239
640 570 9747
950 580 6246
664 357 2920
773 237 6396
723 939 7741
823 109 7400
451 138 6202
114 23 2202
709 633 9241
540 661 4111
714 78 1885
429 748 6
923 69 9501
256 363 4502
847 547 9785
217 51 4870
4 859 3708
265 703 8812
72 234 45
990 176 7462
787 110 4496
383 642 6060
343 488 2171
959 491 7017
835 301 4781
716 56 468
619 607 3086
33 605 3165
786 995 3883
146 395 1574
256 897 7208
723 507 9690
781 125 8442
500 475 7652
49 641 1208
278 810 8751
471 825 3922
761 379 3809
461 769 70
168 595 1077
880 179 33
673 181 2838
301 177 7184
259 973 1221
945 984 1069
876 189 4079
22 189 3587
895 621 2047
9 161 1014
685 836 5159
478 894 169
696 72 4542
52 908 1564
130 900 1601
8 552 5839
489 978 3140
628 836 8127
811 294 9634
744 616 833
828 234 5332
842 773 1033
911 283 5581
181 397 3103
387 204 8782
726 858 4966
448 980 907
91 160 6253
596 909 7718
871 205 8666
969 395 3733
882 553 2700
487 485 6033
620 524 8640
240 301 3616
743 597 5951
919 98 1179
939 607 7491
167 922 165
488 93 2015
322 107 219
341 575 6837
175 819 4446
923 938 4388
218 153 9421
263 546 1510
323 721 2537
435 526 5120
53 879 8283
357 848 6589
309 565 2500
464 56 9181
624 817 1666
82 948 7805
424 101 546
589 286 8496
293 224 5366
489 846 5465
793 145 5274
322 189 8955
818 535 360
966 344 3494
198 147 1067
262 211 8301
223 251 1604
968 359 64
992 293 842
459 325 5823
599 720 889
299 651 5509
168 424 2899
572 557 6904
898 223 7926
832 18 9475
767 534 1638
872 780 4468
132 806 5436
12 263 6296
58 642 4547
52 647 6369
860 928 6307
970 32 9566
290 528 9542
438 837 5573
75 899 9924
694 638 3382
960 552 2779
220 722 1297
722 368 1273
355 537 6539
36 447 1432
845 923 3443
786 366 4941
467 806 924
183 358 6382
16 723 1949
236 157 444
4 244 8500
823 434 7415
149 70 8264
672 426 1956
870 552 2890
423 497 1291
607 664 7727
904 264 9929
866 178 3175
79 698 1390
168 759 6403
242 914 6067
268 512 5711
308 55 4932
983 349 6693
68 932 5507
275 497 4247
240 981 5422
10 869 3172
579 747 8650
331 266 954
294 136 948
477 619 8658
506 193 7003
292 492 452
53 700 9314
203 272 2895
126 699 9039
677 601 7876
705 859 9591
572 613 922
349 242 5416
339 298 351
288 82 3467
416 151 2263
837 575 1285
866 145 5326
725 629 5851
23 495 9843
422 360 2182
497 16 3826
393 723 6427
375 282 3056
132 846 6422
447 335 1545
543 509 6314
990 730 5043
255 96 5903
163 292 2111
97 844 9195
953 973 6844
467 706 6841
79 659 9416
803 824 42
579 13 5014
441 302 7489
88 697 44
976 426 956
316 357 2950
193 312 1505
764 64 1122
764 780 8247
792 549 7877
960 236 4714
653 480 5179
568 936 9311
60 259 1642
66 170 6660
504 190 4528
74 499 9669
656 360 1722
570 905 2383
615 519 9940
873 812 5137
334 640 6603
761 8 7176
576 783 1018
611 547 6002
270 770 2451
52 10 63
417 535 1530
718 885 4846
360 898 6054
525 823 8018
275 881 8478
928 68 435
231 790 5059
695 948 9408
404 846 6053
143 990 4209
482 112 3650
761 905 4418
59 27 9867
670 85 7649
242 629 2421
284 570 9475
654 598 862
912 435 2851
33 966 3167
98 570 592
123 806 6268
237 537 8666
202 120 9610
219 656 268
486 960 9392
491 787 7871
269 361 1895
480 657 8923
869 45 9326
283 558 5276
478 16 867
918 91 7740
693 398 6804
106 492 1690
381 974 4774
723 740 6836
419 80 1729
211 320 817
511 519 1207
628 474 9720
533 264 943
963 674 579
334 35 4734
739 357 1909
732 536 1686
545 542 4962
194 773 2625
8 458 9457
719 296 8544
203 917 7919
677 115 2186
780 753 4165
597 110 3308
506 329 3167
155 497 8083
291 935 8659
284 466 9415
250 913 708
717 520 6229
772 979 4150
142 668 5028
123 162 5815
940 171 6779
530 836 9000
88 128 8502
396 267 969
362 927 6574
104 468 4815
526 304 471
32 247 3694
774 967 663
942 284 919
791 894 7123
93 374 7639
279 645 3163
128 757 1682
631 362 2651
819 597 6639
735 832 8702
890 234 2323
705 937 9330
362 282 5040
746 156 6682
887 138 8612
912 766 8287
998 512 8882
487 660 3697
594 57 2873
118 717 142
289 224 8308
403 562 4652
126 595 9658
965 586 2555
872 219 8402
917 122 6066
127 509 1449
54 244 6647
999 721 9425
941 837 7756
18 33 9332
590 150 9972
681 280 3293
618 784 9477
279 940 4863
364 613 2174
830 667 3063
243 40 1885
695 743 7363
980 614 4305
313 845 1236
23 989 3178
75 556 8768
570 728 8373
879 532 805
907 38 1258
617 493 9539
306 329 6390
1000 221 5139
431 854 7702
672 49 427
71 10 2145
333 610 3963
182 418 9513
723 386 5821
990 238 8460
266 478 1445
436 646 2567
696 315 747
82 850 8376
360 45 5611
606 308 6895
135 325 5634
937 856 815
816 779 2742
789 176 6520
492 365 7528
7 85 6339
340 257 7389
227 132 3290
773 610 2300
43 187 3802
435 327 8240
47 994 7858
32 606 8293
651 119 1240
563 386 9054
959 932 3627
248 941 6384
614 503 989
584 507 5918
164 620 1163
488 494 48
419 628 6923
18 129 543
34 380 3597
321 907 8015
444 703 4363
539 896 9348
999 342 1594
586 702 8716
887 56 9340
500 842 9941
208 415 1961
60 840 27
534 771 7598
942 640 2437
537 764 3674
719 563 6745
851 949 9733
507 828 4022
415 817 6298
503 805 3090
201 254 7444
373 341 6207
921 505 5873
371 404 2929
158 724 544
214 878 7480
239 274 3042
257 887 2928
657 191 1540
101 398 1458
4 733 4619
770 744 8141
955 505 1223
216 376 5896
38 703 3047
103 983 3061
174 559 5235
283 254 5106
773 898 1007
566 510 7910
893 327 3204
142 308 6592
436 192 239
422 560 2276
136 252 3477
305 485 8840
617 196 5985
273 491 9358
230 942 6459
522 928 9291
926 395 9983
882 670 695
279 91 310
297 415 7935
511 675 1202
10 84 9370
401 17 2793
506 537 9530
154 338 1695
490 579 50
201 844 2450
628 517 2521
292 889 7483
495 30 7971
978 352 153
448 533 118
207 156 8511
288 753 4338
499 300 6433
53 83 1657
455 64 3794
610 237 5502
901 975 6126
994 654 125
467 913 5205
930 376 3500
132 51 5330
222 135 9609
396 711 9930
772 799 6460
990 472 8133
798 523 207
618 956 2688
293 498 4853
386 957 7852
227 109 4760
365 283 3364
599 537 3655
527 444 4182
279 172 9375
773 62 6720
169 839 567
206 786 3907
738 339 6487
649 441 2860
364 600 820
544 454 1454
934 326 3189
205 69 2968
389 704 4267
375 881 7690
342 378 7024
763 639 2368
803 185 6516
519 145 8228
313 8 6541
86 581 7262
520 954 3202
122 567 3127
440 811 6471
744 556 9674
474 603 4474
198 575 6091
932 118 2525
809 64 5214
566 49 8565
649 379 9970
130 935 6733
702 945 3611
923 446 5100
813 895 1393
747 200 7364
436 414 3238
861 289 2799
831 944 4048
860 72 9865
60 785 2960
875 368 5950
686 704 8660
418 186 5925
898 330 344
753 701 5116
775 675 5043
510 702 5821
402 753 3577
876 197 5472
880 755 2250
891 565 3107
565 237 1359
473 173 1456
112 758 6261
322 312 6509
909 184 3332
447 415 478
324 530 6364
489 324 20
237 871 6819
904 32 394
246 916 388
900 860 2899
712 223 1691
638 907 9908
824 682 5780
290 547 1238
213 7 313
870 654 7033
810 745 7079
492 243 9755
345 598 6945
875 796 9901
800 210 7106
444 548 8567
714 305 4678
177 715 4276
798 37 5915
448 113 3353
168 987 5060
870 49 2126
249 767 9103
338 210 3563
307 493 8017
343 220 3517
159 650 4608
398 184 3431
358 837 4418
278 940 1248
261 990 1476
396 420 5032
183 443 9272
408 61 1385
643 866 685
950 18 3886
771 504 198
896 622 8541
137 62 9818
909 69 9955
487 199 6536
178 829 3770
703 735 1612
308 909 9225
411 685 7820
147 227 1127
631 67 4525
818 607 697
179 821 9863
109 352 1329
983 545 8107
884 782 994
458 158 7733
414 585 224
475 532 3656
826 214 5027
478 860 5297
389 352 57
422 380 196
939 788 2262
334 157 6100
790 130 6770
591 981 1750
895 46 3713
468 876 4917
763 447 6074
775 263 3877
339 408 6919
439 561 1133
206 353 4175
561 211 8132
748 728 833
801 913 6872
117 875 1545
739 862 7967
317 796 4655
323 637 4835
139 28 5278
56 534 8976
743 493 1764
883 63 5739
409 116 6532
234 124 1594
521 541 4895
388 647 7813
939 381 8413
343 274 5068
981 212 7425
895 704 937
267 129 4761
663 621 6287
91 869 9307
108 128 1083
791 24 7153
805 543 8362
391 409 943
989 840 3926
115 556 5018
352 801 3958
745 559 4674
46 223 6160
463 642 6173
355 292 7748
300 819 8555
902 472 285
746 284 5616
921 912 9641
240 836 5792
961 369 4240
857 29 8968
792 570 2398
961 682 6631
236 186 8969
361 509 3120
257 301 5445
983 134 5921
280 568 5336
475 724 6444
811 909 9889
620 793 8886
903 833 6125
310 899 2108
180 617 6777
670 618 4160
962 132 5867
440 670 7766
941 519 3420
506 564 2004
963 737 6991
92 216 9985
705 380 4046
429 963 1001
506 131 6992
158 151 2062
593 500 5203
116 420 5046
813 927 6669
748 837 885
456 746 7313
527 111 4667
856 985 6525
193 548 5633
18 966 8301
545 875 7090
133 806 6234
488 836 321
977 723 3356
605 785 1222
869 323 6836
696 825 4783
345 679 4946
175 126 8600
144 961 6604
169 850 8136
76 972 1510
582 987 3568
512 388 1771
572 980 2657
328 835 6502
332 309 2702
677 31 2565
248 225 5251
50 170 1571
169 659 8052
297 85 4215
921 503 194
477 808 538
299 623 2332
605 117 7360
556 147 6065
288 544 7424
930 907 9731
688 527 9319
962 366 5982
315 356 3916
210 577 264
871 615 2762
468 587 1339
493 688 6064
794 805 7880
978 691 5190
521 367 5448
143 640 3643
636 483 7942
722 449 1324
285 381 1326
356 591 4488
952 467 7723
181 380 7190
930 683 3806
441 438 567
32 277 4661
641 922 1106
787 30 519
785 47 6004
944 480 137
756 132 7834
921 439 2204
264 577 1143
746 729 9624
960 819 3806
779 349 4146
925 490 1429
749 657 9541
474 615 773
226 728 8396
776 834 4117
669 482 9027
164 323 7856
105 13 1321
613 470 1835
728 603 6598
42 929 1846
504 847 2799
224 739 3620
393 22 7314
996 793 4709
133 997 6097
682 224 5778
283 202 7486
846 603 2534
743 517 6757
551 186 6508
99 607 3086
815 589 6793
157 312 6040
289 420 8830
784 641 9552
130 283 5083
348 856 850
336 678 5238
804 85 5323
672 231 3931
309 563 9793
504 212 5044
881 73 8211
694 195 3278
370 531 3821
893 526 9880
172 833 1413
656 860 6206
518 899 7738
145 190 5501
676 732 9113
905 234 173
926 580 3926
489 821 4310
694 342 7716
714 326 4345
431 716 9418
20 542 630
121 540 2981
128 695 9587
568 975 3579
848 161 3555
937 421 9572
610 850 5638
228 391 1616
324 509 6601
625 214 5521
121 966 1905
144 616 8957
322 441 9849
543 577 5608
460 910 7259
827 465 8961
504 420 3012
4 286 8793
766 413 4875
413 269 8992
958 234 4617
892 17 1005
739 147 1353
186 175 667
600 563 9871
732 860 7032
793 298 4454
670 291 9329
259 206 4393
45 447 8369
230 532 9767
548 661 2461
509 235 260
157 651 5
780 678 96
549 693 305
550 558 4992
726 795 3830
341 755 185
809 304 3740
154 260 8204
615 193 993
448 472 1999
942 649 8085
812 211 8239
544 108 9691
837 129 3546
287 493 9480
338 531 8733
213 101 1125
144 164 1062
986 210 283
495 790 1976
876 167 4240
465 50 9132
361 117 1642
347 764 9268
672 278 2460
376 480 225
654 191 9479
26 692 9713
657 414 1458
364 996 4695
87 305 6524
647 560 3053
5 498 4934
769 187 6954
467 761 404
654 642 8870
355 604 1661
446 635 8239
617 507 6732
536 858 6351
511 16 4155
591 814 6425
297 167 7696
689 21 4262
540 380 8036
638 382 4453
958 473 9577
908 98 7299
628 930 166
777 498 1284
114 91 6304
273 524 8288
579 750 2178
856 869 6460
160 350 6788
104 747 7260
588 399 7040
635 603 4222
683 883 9275
195 665 741
650 777 2740
792 732 1726
94 918 4628
295 955 6888
335 923 5998
130 784 5494
767 624 9190
229 206 9561
992 856 7352
802 637 1431
161 277 5466
415 711 6675
512 603 7997
608 691 8854
316 34 6088
647 800 6592
126 930 7846
845 898 4355
375 272 248
305 251 3192
731 311 7849
56 193 6834
288 589 3343
255 265 3834
30 650 7238
772 367 1559
770 876 5826
748 229 5495
19 530 9638
716 200 1893
434 858 8917
975 49 9957
275 1000 3810
114 400 6498
17 811 2317
53 559 3766
692 141 2008
415 939 8655
660 584 8301
163 396 7507
966 316 3881
696 106 2800
736 983 6890
510 993 3979
710 533 1789
960 242 4770
569 723 174
639 636 8995
601 876 5648
496 900 1654
927 144 2804
942 313 380
188 976 9904
555 900 6891
260 294 3296
379 6 5258
286 755 3604
431 607 9780
774 377 6843
52 273 6759
473 435 2603
625 439 1455
471 847 8521
797 981 7845
19 359 1891
987 430 7312
605 802 3248
135 455 2567
838 844 6914
683 842 5689
173 170 9097
975 312 4755
370 757 3040
250 54 8050
615 705 1658
35 67 7450
154 211 1719
350 941 2742
766 185 2376
963 824 2722
489 72 4548
158 448 8921
607 970 8461
833 169 4376
377 974 7036
999 581 9299
360 514 5876
776 538 9181
85 382 1918
873 631 3696
593 802 7077
922 711 6546
946 180 4215
283 290 7080
865 534 9063
527 114 105
998 75 5205
975 199 8738
131 623 8451
451 879 3178
579 724 4816
208 712 6060
324 762 5195
679 572 5247
414 129 1702
156 741 5289
974 755 1215
334 102 3031
98 95 1200
288 872 3125
596 867 2038
496 164 2096
755 858 5708
237 164 2345
579 382 7392
719 401 8048
269 725 6388
354 44 2128
105 359 4995
627 399 1166
835 675 3190
852 171 5900
976 811 6391
628 577 2113
678 604 8568
678 612 4311
61 78 3858
24 592 6108
108 90 44
436 576 765
973 89 3787
561 174 2461
862 245 2117
534 600 2660
356 422 386
397 169 9763
81 610 3865
511 441 7693
570 561 3250
928 655 7700
934 87 5401
696 205 3379
546 14 2749
146 846 4302
425 687 7805
261 50 5966
606 543 9049
96 741 4432
101 505 4869
381 256 5909
155 551 2294
276 539 2618
530 455 5092
361 730 2638
664 492 8564
704 410 5450
718 746 2140
752 790 1144
694 533 8709
132 997 4504
283 969 7210
758 202 953
731 834 8525
753 91 5405
357 140 1672
670 844 7091
592 991 8226
991 97 8630
586 420 5531
204 663 6290
505 792 9810
449 864 8242
470 103 1850
525 759 9411
43 883 3950
998 324 2856
713 254 7296
303 20 7025
666 692 1428
593 821 652
341 480 4155
861 111 7486
459 964 1641
738 778 6779
478 744 6830
527 201 7504
169 133 3860
947 158 8232
202 898 7571
809 577 2689
728 438 3061
877 143 7921
568 447 1958
609 125 7319
185 914 4335
980 449 1948
509 576 4189
803 307 2378
787 611 2210
941 986 7330
641 234 1429
142 360 1886
420 996 6995
518 36 6456
483 496 7477
163 143 266
674 551 190
398 288 4237
643 53 9342
624 796 8988
910 749 6537
579 42 9545
317 773 6657
776 109 1467
539 730 2752
896 840 4593
325 939 777
669 53 1015
758 231 7393
166 112 8517
14 547 2469
675 505 5286
154 879 7009
176 348 951
535 886 3473
940 521 9592
85 224 7502
98 459 534
975 687 8279
436 84 7828
735 882 9113
253 611 7920
660 882 7089
674 896 1473
789 976 4923
487 19 2281
970 569 5465
155 178 7749
89 649 551
5 199 2466
467 20 3476
471 824 5960
767 496 7938
487 365 2772
505 67 3390
946 950 975
784 791 9842
100 32 6998
434 116 7583
55 633 9260
516 610 6231
458 120 8751
212 974 5847
269 471 4771
24 198 7355
67 718 8949
200 884 2102
662 774 6014
16 575 3788
394 516 3995
260 841 2030
955 15 6964
155 597 7467
397 908 5585
517 609 450
582 994 7507
634 749 366
872 670 2667
225 217 3984
307 64 7377
775 601 8802
488 882 6936
826 543 4645
342 803 2457
170 53 9940
45 171 3503
91 817 1189
931 199 5111
111 900 1054
358 973 1561
137 10 1798
242 39 578
521 67 6639
58 48 5627
422 633 1712
465 749 6691
353 245 5133
393 886 8094
636 323 4926
662 213 4426
253 567 4533
307 813 3297
105 849 1907
28 91 3142
169 311 4967
379 428 5255
370 983 1841
227 809 910
600 812 1606
885 822 5075
189 869 783
93 316 5338
655 291 6562
316 878 6480
328 441 3602
884 668 9491
616 784 5269
268 350 1784
967 2 4811
785 885 9648
331 37 8832
830 646 4097
927 615 9433
611 70 8439
701 461 9495
187 722 6742
574 900 839
159 328 5432
808 519 7434
109 921 6708
11 556 4959
492 862 2993
28 877 8438
40 936 5950
967 320 6286
284 801 3636
21 389 5164
70 226 4449
690 27 6671
409 619 9386
936 45 6575
172 287 5689
241 872 1356
943 559 367
160 29 9850
901 182 6160
411 317 2776
207 186 1928
828 992 6445
591 165 2652
927 755 7305
833 622 4284
243 75 7383
393 482 9167
353 493 5279
664 106 1507
851 223 349
65 233 6810
451 598 21
788 795 1946
481 759 3533
677 525 8280
812 532 914
85 453 1521
189 740 3992
916 687 653
36 555 2018
43 284 618
842 242 9519
939 561 7172
858 920 6423
189 281 4353
335 183 4961
651 45 4610
249 289 8247
782 505 8869
711 204 266
588 288 2665
226 480 6634
319 819 9493
787 870 8983
343 349 4620
340 687 4103
514 712 4870
521 346 4479
338 980 9701
211 55 9425
46 333 2570
58 748 348
951 811 7435
704 544 1865
495 934 5200
653 477 1397
455 154 4089
889 679 8666
141 513 7629
369 873 5006
927 943 7035
566 398 2963
271 191 7420
897 831 65
905 356 3619
15 676 3760
275 737 7960
740 831 8670
64 8 6128
30 38 3230
391 14 7952
952 991 7967
993 841 7103
820 219 6501
26 327 3942
858 831 385
967 371 8439
342 192 6413
674 499 7524
505 676 3228
17 946 8319
565 289 9334
874 298 6185
16 332 3084
752 930 7921
842 361 8427
801 882 6010
161 745 2374
249 942 6346
973 317 7792
940 34 9584
453 484 6731
718 304 7466
142 389 2272
667 448 7723
326 605 3678
763 285 495
868 915 2602
601 489 4507
412 342 2857
656 700 7656
781 358 1876
406 869 3491
737 112 3269
827 981 3807
392 939 692
589 261 2276
772 659 6071
554 994 1842
801 164 5245
813 815 5475
596 932 8030
194 58 9261
779 435 1427
25 503 2182
700 302 9224
767 996 1968
847 376 6113
973 397 5969
256 140 2903
708 924 7296
969 86 4049
223 694 4780
13 197 4615
21 508 1843
622 813 3653
787 993 6581
912 325 1735
936 386 811
64 526 3993
94 474 897
745 905 5264
377 789 394
237 156 7526
262 31 205
920 358 51
125 852 6204
838 431 1030
97 770 9642
615 484 4102
788 42 1823
910 698 8140
118 372 3129
639 949 1132
62 641 9251
480 97 6949
330 85 9090
715 260 9428
297 291 4705
633 636 6473
117 36 8602
293 264 1460
193 561 8469
930 411 9069
108 820 5560
322 58 6561
306 218 8882
840 240 8941
385 827 9511
667 784 7055
229 44 6578
270 854 5870
95 841 5174
85 515 4641
184 325 3289
684 584 1503
251 237 669
544 416 8798
109 126 2262
604 7 2742
729 379 6687
526 870 2346
373 714 3929
444 314 6604
70 18 4212
546 104 7066
960 919 8885
568 570 4665
372 421 8892
760 750 5521
97 50 6236
822 435 1575
457 615 8920
642 563 8191
109 715 1654
749 122 714
496 277 873
625 343 5595
919 924 8249
134 206 5360
818 666 9755
924 365 6391
309 705 4041
865 224 1171
88 470 3017
496 274 5746
404 604 4485
290 596 9433
190 368 8295
539 123 2224
515 866 8570
70 299 735
969 106 452
76 676 6242
327 566 9522
805 480 2694
148 724 5942
199 402 6881
513 817 2976
390 662 9363
360 198 3315
758 755 6480
420 890 1447
326 711 4882
500 82 2004
8 551 236
752 335 2540
995 743 1613
216 84 8453
76 519 4036
979 171 9685
334 578 8609
211 794 1467
482 46 270
752 798 23
891 841 8174
571 301 8685
858 877 6049
991 504 8341
542 229 8989
472 594 8840
488 905 8515
166 88 528
618 203 7869
630 823 248
383 606 4033
446 569 2060
3 682 5115
441 709 3290
945 446 7821
788 695 2426
205 26 169
855 141 7288
510 40 7527
289 924 5511
854 569 2988
28 868 3655
60 374 6042
805 130 1227
586 308 463
817 170 5770
182 441 2914
154 850 5602
149 186 6425
496 839 7969
172 59 625
768 77 3412
682 84 9036
33 665 3156
609 581 5510
170 21 55
947 553 7306
894 30 1248
827 63 6013
493 484 4341
660 832 2867
80 144 1626
585 929 8435
785 501 8130
768 765 3565
648 810 7742
660 540 7043
940 758 2061
740 858 7299
641 264 6981
86 544 2583
238 991 1622
617 918 5168
657 58 708
394 909 3352
202 568 9726
949 977 6910
116 392 3126
849 843 160
166 215 4337
581 12 3166
513 472 9715
254 12 9061
459 390 5392
515 273 9493
529 355 3438
560 361 1327
609 130 9752
369 658 7163
882 336 4685
192 749 8755
196 490 1044
973 787 2514
955 568 3099
698 251 7913
869 923 956
385 377 7365
153 21 5779
999 90 2210
223 659 1527
64 202 2385
173 462 4000
968 249 2418
723 160 5866
770 11 3425
598 429 888
790 290 2863
690 651 2501
213 255 9177
926 297 5764
835 114 7882
230 119 4609
152 936 6067
182 448 9061
808 195 8190
2 39 8321
132 564 9177
116 764 6797
335 7 199
257 93 6227
958 3 5839
229 79 457
198 492 1893
806 344 3139
169 970 6950
801 437 2525
943 664 7261
851 414 9019
324 393 8510
29 54 7486
155 499 7626
810 312 8875
730 113 2396
105 560 8888
41 317 2184
328 756 9150
596 133 2268
429 462 875
125 299 4176
250 800 3391
424 944 4226
82 474 6269
953 501 9326
302 843 624
70 718 9034
729 745 5106
922 292 5335
712 769 5094
708 866 4631
331 631 3606
55 99 7361
970 950 1324
388 717 1542
602 538 9894
283 952 3410
386 927 3458
973 968 5528
652 910 359
362 839 4179
74 160 9871
345 939 5726
65 363 3607
737 513 3242
336 15 858
678 140 3870
103 377 4933
418 60 5746
374 142 9263
945 28 6689
835 171 3443
154 851 5900
468 328 3593
527 165 4827
204 745 2949
777 332 1960
699 190 4416
268 965 280
117 207 2655
252 991 3719
293 794 4142
179 769 3852
187 188 3191
929 622 7905
888 494 7445
505 347 9632
355 388 4376
381 463 6036
26 987 7190
952 92 1278
47 840 3060
97 929 7435
267 712 2420
99 309 9827
379 528 4047
166 494 4838
965 234 3575
295 493 4795
102 877 110
404 827 5989
249 626 8386
783 561 8990
710 3 1987
573 323 3743
739 485 176
87 918 607
161 59 8032
851 230 5547
944 656 2747
827 217 5721
907 756 9782
209 933 988
57 701 3455
353 726 8254
976 936 5846
802 986 2165
947 190 8228
973 859 7303
359 275 1877
139 60 7760
880 231 4257
32 91 6091
778 189 2939
585 187 2650
295 575 6865
954 833 2719
613 257 8523
725 486 2572
510 368 6221
577 985 1913
714 466 9400
940 951 5077
551 907 3593
256 103 2600
980 87 1946
852 448 386
848 425 6762
609 118 255
56 677 5241
215 503 2519
230 624 5393
465 940 6388
26 582 3783
327 972 2617
175 476 2331
609 571 4334
910 647 8308
935 714 2920
476 389 952
750 895 8425
930 199 3653
660 839 4758
838 787 7439
142 732 1756
522 32 3001
69 270 3868
841 171 8251
313 249 6798
676 381 5965
213 68 9127
521 990 2147
835 179 1488
49 205 3881
294 805 8079
638 981 1608
623 274 9914
895 937 2628
740 584 2004
321 183 95
109 209 5213
546 802 9386
329 393 8160
740 338 4362
606 309 6230
869 239 1625
347 592 8490
928 204 9323
497 719 5140
265 693 244
138 332 9779
57 896 3397
787 210 1861
92 684 7716
931 465 7594
400 411 311
258 146 7702
490 522 3539
528 794 6138
488 257 1829
82 944 8636
962 663 9650
177 535 4467
752 106 9514
783 400 5585
419 502 7100
956 667 2427
553 833 2730
820 263 1851
871 987 466
304 102 6812
734 100 9845
220 45 5122
22 635 7588
775 672 6058
81 703 6775
261 427 282
753 188 4374
464 314 7601
954 281 7071
561 230 5598
267 372 5775
781 28 2166
106 160 7994
467 641 2690
789 1 1081
240 569 8637
237 942 4017
607 454 1066
166 605 2193
556 444 1672
597 230 3504
323 487 1113
610 342 8421
663 207 6476
921 794 4758
941 457 8937
574 738 9733
30 767 3425
882 193 520
623 492 7480
988 626 7820
289 160 7997
607 991 9419
119 558 5001
734 395 2758
834 110 6900
838 422 2472
366 833 2612
736 774 8204
426 571 7781
405 68 6080
84 321 1728
355 348 2835
496 474 218
595 939 9193
499 375 9576
973 396 3977
670 825 526
659 740 7385
706 625 2327
131 137 1705
401 156 1893
491 231 4264
398 506 4561
909 807 612
981 794 8589
636 968 4947
423 621 6259
400 427 2776
934 992 488
606 714 6904
459 295 4607
368 564 7989
283 158 6959
479 550 2449
209 3 1800
547 959 8106
984 453 7214
567 499 1652
435 696 2597
300 837 2780
278 327 6323
425 320 3948
245 92 3964
601 102 3615
228 388 6504
46 513 350
969 998 3854
502 370 4478
123 59 6148
581 897 7168
646 653 1407
924 772 3047
632 709 2540
69 727 7645
980 621 1281
157 910 6451
435 725 475
198 340 9914
553 830 937
503 659 9997
455 944 7094
482 348 8359
335 866 5738
589 366 5406
185 762 9655
78 270 4482
596 619 8883
535 508 6336
413 708 4846
550 923 3480
185 112 2291
848 299 4126
650 343 8099
957 785 3739
60 770 3322
8 704 2450
854 795 2662
500 980 3178
910 369 4632
69 31 724
812 4 2444
66 807 8856
66 478 9046
27 658 9539
578 995 5804
698 120 4173
831 12 528
526 382 2744
482 206 9494
847 710 5177
760 221 8239
333 701 5432
925 2 591
848 68 9047
371 661 9189
101 85 5705
142 727 1080
746 881 5584
989 285 1768
525 573 9416
828 337 3070
978 145 7471
166 902 4304
677 574 5879
928 418 880
511 554 5892
351 455 4035
326 487 4317
112 689 2010
693 582 7613
106 131 6377
453 593 4314
562 258 6962
848 544 9348
677 370 9296
713 264 48
756 950 3360
817 562 7056
286 882 9899
557 509 2174
538 997 3761
441 797 7250
319 594 1778
208 277 8272
588 802 9131
282 492 376
539 391 6294
102 932 3779
984 217 9870
428 577 8608
853 453 2363
794 305 493
796 885 2465
412 338 759
949 448 9098
640 118 8178
325 725 9833
876 159 1792
872 105 9464
643 722 1914
112 258 3583
908 345 4125
918 415 6742
571 874 7509
342 609 6547
308 831 15
527 542 864
177 447 8058
338 407 2450
958 409 892
221 276 8026
350 787 7211
496 669 6022
481 485 2768
863 566 307
216 852 3235
115 260 2409
269 892 8035
928 82 1439
632 266 7141
929 111 1513
691 925 1040
420 590 1908
138 946 3443
903 392 2280
591 503 3214
788 988 3033
583 85 1507
831 971 6653
936 542 768
190 607 3644
563 577 5765
240 501 4969
667 352 3375
336 499 4475
619 500 1898
483 577 9607
425 751 401
131 746 1696
362 595 6869
704 130 8932
230 586 7595
497 365 3569
554 972 5751
870 948 14
732 59 4551
194 466 9813
963 841 3039
571 616 9134
356 237 8887
739 339 1283
841 246 9070
547 888 7630
915 10 7111
442 251 5791
918 880 820
620 305 9875
76 946 4851
729 403 8364
793 484 2300
739 899 1114
937 749 5323
559 867 7148
49 747 9915
681 996 4736
814 906 3117
656 133 5687
514 863 2326
473 251 9083
789 375 7182
452 684 5908
188 777 7920
160 581 9840
798 813 6361
494 327 434
977 703 1512
784 478 8187
378 878 1934
45 919 35
519 869 7471
95 792 8110
552 295 4506
89 281 1051
588 968 9319
733 772 9973
714 20 3894
106 982 2357
947 74 6325
55 608 6002
276 422 3281
644 841 5252
303 396 2550
587 928 566
368 37 7692
72 631 2204
152 964 9443
137 302 5821
193 343 4906
642 130 6009
354 89 5721
182 120 4216
841 523 9970
925 505 7480
814 703 9867
956 406 8153
32 876 6751
576 369 7322
268 298 5879
18 517 9128
713 862 4549
311 573 17
642 727 1032
424 144 1091
407 616 6081
694 180 5209
709 690 296
364 693 2661
462 796 622
922 839 4690
708 468 2763
878 891 5868
661 923 8196
617 423 3643
446 113 2196
59 773 721
176 691 2913
35 160 4815
672 494 8898
436 627 5168
231 871 8178
22 966 733
706 157 5737
458 34 48
734 32 7597
796 865 5413
14 256 3761
876 404 9923
699 304 3367
882 270 258
983 520 2313
668 722 7815
56 301 72
916 644 8885
410 24 3195
898 451 6014
653 935 251
483 96 2326
760 319 3825
795 361 4870
111 655 8783
294 569 1440
22 46 5334
850 279 1782
881 737 6861
599 726 1381
625 744 8875
622 241 5456
234 718 7429
254 214 422
207 340 9918
244 317 9693
211 291 1860
807 279 3868
453 289 3256
75 135 8059
718 592 53
269 339 9368
267 111 2674
303 520 1423
406 57 9565
251 935 6337
824 507 9922
937 233 6242
772 989 1658
554 989 6093
284 692 3965
296 122 9008
500 464 4932
780 763 5393
288 792 6497
999 796 2852
669 687 5864
402 449 2232
744 578 672
764 316 5982
148 200 4185
85 556 3541
240 479 6213
873 48 3710
733 14 8629
683 238 3168
776 483 5611
46 397 6788
807 201 6979
720 968 9264
999 481 4558
628 643 8972
952 510 1747
586 485 3326
644 361 8246
159 217 6928
855 912 162
328 960 1024
967 719 7331
918 709 9913
908 959 5051
457 426 4615
458 489 9025
199 917 6745
369 143 9472
719 961 7815
996 386 1520
129 101 8827
719 413 2253
21 703 9445
129 816 9255
563 850 8928
95 662 9153
219 623 8156
201 189 2220
610 454 5230
224 813 8906
546 449 669
161 235 1619
96 331 6781
635 818 7760
724 913 2320
345 314 9775
479 273 9792
120 528 9012
307 440 4020
1000 666 5050
343 542 3684
325 61 584
715 6 6635
278 936 2688
396 459 2343
403 544 357
182 877 5616
389 949 1878
620 915 4811
162 667 9398
812 449 2185
695 205 7336
53 225 4078
241 905 226
684 652 5266
246 483 7548
148 80 2713
936 126 3026
571 77 3434
330 754 3414
490 539 5907
578 892 5971
963 443 8474
311 90 8411
570 622 3481
177 503 4647
390 442 5567
23 734 2088
348 464 6114
862 198 3644
799 10 7583
882 354 9803
51 703 3364
315 330 411
671 503 5984
467 420 7152
583 978 5517
192 908 1304
501 918 3712
597 993 7085
535 197 5072
20 613 1159
969 952 4462
624 620 2201
19 786 3704
390 191 8513
212 61 6094
799 824 3636
574 604 1994
382 682 5496
826 331 1744
736 527 5436
131 272 2961
226 56 2306
505 319 6225
123 766 6361
652 832 479
654 21 8208
944 587 3978
782 948 8555
518 555 1157
807 97 6731
79 35 267
147 358 9920
751 587 7267
290 408 6197
396 636 5449
566 763 402
421 857 4657
718 619 4256
159 832 6224
482 455 7837
857 792 5396
340 543 9321
245 151 731
41 50 49
686 356 4269
573 378 2388
823 162 5922
672 327 5380
218 577 8173
951 183 7198
743 970 4443
994 161 8089
347 817 5376
139 880 8633
299 220 6226
689 594 9043
745 780 1012
186 668 118
359 790 2779
888 571 2273
347 608 922
361 558 2924
553 492 5728
893 435 4373
634 648 2774
159 615 288
299 147 7835
728 45 8425
388 914 9636
90 114 3148
535 294 6108
5 883 4758
720 451 4918
60 817 3499
833 555 1065
7 972 3129
612 1 3867
871 136 5705
544 987 688
59 914 408
47 991 4213
307 23 5277
487 224 1588
794 209 4096
55 24 1452
643 962 386
91 745 1878
261 549 1232
758 83 414
657 815 4029
24 760 9141
101 407 8376
999 43 3113
738 28 968
473 867 3513
869 615 438
971 696 7651
635 357 2775
646 377 6595
299 431 2295
96 558 9674
498 518 2412
394 767 984
677 640 7634
343 135 656
269 988 8500
792 977 2892
725 541 473
1000 629 6485
126 179 3970
810 361 7767
56 110 5523
421 817 6319
10 92 5501
788 81 5230
862 509 204
589 993 9294
139 534 4005
780 152 2877
407 488 2363
348 940 885
594 207 1812
159 794 602
8 891 4901
330 93 3361
16 256 1545
752 950 6673
346 413 4990
719 890 8254
535 651 448
176 130 2405
506 163 8122
810 799 1757
742 671 9331
577 992 1209
771 131 5456
530 429 5529
224 292 1186
101 858 4007
883 238 7660
111 559 3785
868 24 563
95 169 7069
535 298 7213
271 221 5247
272 897 4050
954 452 7706
827 28 6609
988 575 7179
873 565 28
76 778 6226
351 636 7472
630 69 5175
303 667 2126
483 854 1157
910 676 7505
924 1000 1784
393 923 7703
735 986 5685
245 119 2842
769 389 5633
910 960 5898
96 644 8855
955 978 1286
377 162 610
582 659 5954
903 186 2145
91 882 4341
976 229 7388
506 737 9242
318 531 5612
773 634 569
935 697 7230
114 118 2880
492 815 2997
215 165 7315
842 860 985
49 151 5376
621 277 6893
541 845 616
170 735 7046
151 948 9012
886 731 6379
435 902 3758
770 833 5621
113 416 2165
323 828 4553
221 383 6449
512 529 2562
176 944 7882
561 221 167
159 592 8221
470 681 5730
42 334 1484
408 969 2365
412 869 3848
938 853 1972
110 925 6583
521 598 8518
922 268 2045
326 414 7325
755 771 5489
362 23 7691
993 90 2375
857 453 8574
1 544 7201
813 53 3172
638 851 5596
480 273 7663
199 603 2873
760 248 6777
543 462 8765
93 648 4881
145 843 7438
824 109 2423
397 979 8375
123 889 7644
579 618 7817
305 726 3967
891 241 1985
467 553 5174
858 673 9793
873 272 337
226 685 2265
443 789 4007
405 310 177
716 284 200
555 154 9613
615 195 4383
728 517 7564
397 786 8382
601 55 8177
424 358 7935
76 96 3099
986 557 7435
490 720 8475
309 801 2513
940 995 135
55 472 3287
4 444 3142
908 362 3051
202 466 7596
532 944 3976
27 819 3599
81 765 6112
946 564 6775
742 344 8785
126 122 5157
545 930 7736
692 596 7331
894 964 7750
752 759 1920
784 733 264
748 996 5272
200 376 1289
998 432 3744
694 814 7636
957 21 1121
590 474 1259
888 90 3526
613 730 4314
263 20 9740
345 67 4265
672 727 2411
711 71 2359
881 353 5507
792 637 2936
870 294 1763
383 71 984
645 729 6636
448 372 1737
965 401 4593
485 342 9038
59 494 3318
852 710 3708
8 717 3449
944 212 5136
355 935 9119
692 329 3707
209 913 4055
556 161 5481
159 191 6960
164 312 7485
126 599 3097
392 967 3376
574 508 7076
761 433 2449
446 404 2911
451 813 8680
654 170 9164
74 449 3154
266 265 9885
975 952 7209
876 414 8408
472 548 1032
298 784 5459
820 705 8033
404 656 6618
489 376 5389
794 101 4039
390 23 7296
552 25 4948
632 766 9121
275 66 5850
683 614 3588
530 664 4968
749 221 5180
716 609 8616
686 55 9083
565 8 6284
877 556 1019
187 882 3049
776 539 3168
280 322 9907
13 829 4453
915 61 228
369 200 350
264 536 7097
574 562 2778
739 241 5869
121 876 4493
827 918 6965
918 602 269
239 764 719
538 490 7501
91 565 152
841 624 6231
185 290 5000
76 673 5838
603 278 3031
639 729 6247
581 777 3670
695 211 4987
713 540 5257
541 295 9160
276 494 1655
418 716 2743
528 750 3227
554 61 4378
464 654 3372
640 583 3538
900 345 5053
731 550 4474
589 956 3196
46 62 3290
391 472 715
305 459 5732
975 29 2293
331 454 2242
310 116 5910
374 143 5468
73 707 6696
520 238 4376
18 21 5043
753 460 3252
290 553 6304
398 762 3544
930 468 6047
213 799 645
628 955 7301
945 688 5672
790 201 3211
675 723 1249
552 645 3509
640 792 2267
799 113 3108
509 97 8047
866 597 6351
256 459 3697
892 72 5080
77 114 290
727 951 9837
38 7 7856
339 593 8288
645 673 5234
859 779 7706
566 397 133
540 55 1623
379 887 7385
979 589 4159
319 460 598
668 949 3278
503 111 9015
965 242 5767
262 555 226
206 394 6526
995 621 2535
836 552 3693
909 740 8249
822 898 9832
95 324 4460
841 327 7264
425 844 3518
532 44 3606
134 952 3514
526 46 8590
71 600 4433
487 873 5143
419 957 3636
149 74 1805
365 291 2865
40 446 2654
458 137 8911
429 823 1487
43 355 792
136 982 5534
61 687 3467
35 880 3089
108 985 374
443 734 4333
625 981 2509
909 219 5762
285 393 6726
950 226 4064
647 970 5991
11 238 6432
803 318 5153
531 907 344
410 860 5352
764 350 10
709 940 7859
674 700 3053
167 724 1978
697 172 7615
786 676 2932
119 822 6590
854 561 3000
174 495 6754
246 840 4994
832 62 1911
764 649 1835
373 94 8187
258 871 2840
502 388 329
114 21 4195
599 307 5763
737 992 8358
350 190 9754
149 151 3269
571 185 8132
345 651 3508
437 839 4912
361 350 8433
919 333 9972
834 352 1455
416 863 5523
707 886 6295
459 136 1763
421 462 1689
353 538 9986
26 3 1326
72 63 8420
266 250 7436
188 783 5065
398 166 9334
883 461 2892
249 785 6854
232 481 2631
860 602 7677
648 902 5321
477 340 9696
972 472 8082
35 687 486
821 895 9479
591 194 4768
425 77 4972
447 58 1615
1000 297 1184
315 254 9178
955 887 7800
539 316 1055
714 900 4870
806 492 7897
224 109 95
745 794 8178
731 460 4443
532 237 5339
216 765 3175
436 140 2663
167 192 176
427 454 1713
103 258 4743
662 801 5462
732 386 1888
270 944 899
255 312 5186
658 804 9800
306 975 7802
206 679 2113
461 582 7969
357 246 4225
711 387 1559
188 370 2905
342 395 2809
496 203 7486
88 393 5931
867 606 2013
992 442 4307
433 318 3960
14 50 2451
538 16 7853
510 163 9766
666 6 6349
379 920 8367
607 534 7897
156 616 39
408 893 4635
809 27 3280
240 712 6172
715 672 3570
131 191 3713
455 596 1487
605 66 4196
33 753 745
853 861 1744
632 464 549
785 276 6945
1 724 3544
15 846 2227
365 804 3558
832 483 7836
111 377 4691
715 927 6098
75 326 1150
982 375 5831
96 512 7401
608 327 8427
239 353 6547
714 788 6643
414 595 4279
303 472 2919
844 152 8454
868 95 9627
758 978 9901
29 138 4216
162 327 1298
593 447 5001
65 524 2090
290 780 485
630 37 6020
98 426 582
795 83 7993
826 625 3781
830 981 2225
386 355 9087
561 716 4703
921 526 6500
493 31 3994
881 938 2657
671 851 5721
786 851 7836
724 949 1843
663 423 186
448 623 4763
987 320 7303
427 282 4851
509 909 5625
663 905 2270
192 607 261
789 975 1833
67 251 8376
674 837 607
392 893 9102
772 74 834
330 503 3797
645 88 9165
17 639 5076
705 608 392
644 982 5943
441 203 3314
228 210 4523
742 640 9122
707 295 6256
506 818 3459
769 703 4509
738 420 5190
177 171 4851
684 457 7096
978 271 4132
136 428 8012
158 300 925
649 166 8339
650 848 7568
955 933 9965
344 59 804
669 865 5214
100 853 2429
706 509 7095
295 572 4591
610 300 5994
398 306 2135
71 445 320
42 9 6687
376 835 9168
