# 30 testcases, 
# N   	seed
# if seed = -1, create example


#ST: 0
5	2	-1
5	2	-2
5	3	-3
#ST: 99
5	3	32	
5	3	15
10	10	23
10	10	67
10	5	203
10	5	943
10	7	342
10	3	23
50	50	342
50	50	423
50	10	23
50	10	32
50	5	582
50	5	83
50	5	123
50	20	342
100	100	34
100 	2	478
100	2	854
100	10	76
100	10	9543
100	5	43
100	5	98
200	200	864
200	200	854
200	5	112
200	5	26
200	10	76
200	10	364
200	50	342
200	25	23
200	25	678
200	25	43
200	50	887
200	2	55
200	5	743
200	10	534
#ST: 1
700 	700	64
700	700	723
700	700	71
700	700	6175
700	700	4324
700	700	123
800	800	95
